#               DENSITY,             VELOCITY-X,             VELOCITY-Y,               PRESSURE,            TEMPERATURE,              VISCOSITY
 1.0070250594900381e+00  6.8820303683956629e-03 -3.9570321647592047e-05  1.0272372853520735e+00  1.0200712243171695e+00  0.0000000000000000e+00
 1.0021835529867227e+00  8.1429386478697782e-02  1.1533724839378553e-02  1.0213857974472598e+00  1.0191604066972668e+00  0.0000000000000000e+00
 1.0028574153515792e+00  1.5820328023645361e-01  2.2181165737133912e-02  1.0194167551131259e+00  1.0165121576687366e+00  0.0000000000000000e+00
 1.0021839575199076e+00  2.1084366112649761e-01  2.9354674936499375e-02  1.0159225370218603e+00  1.0137086404136340e+00  0.0000000000000000e+00
 1.0022836305106684e+00  2.4459972684872863e-01  3.3783639342934067e-02  1.0137989497126036e+00  1.0114890823828664e+00  0.0000000000000000e+00
 1.0020440512326696e+00  2.6826360405588384e-01  3.6715436888756253e-02  1.0118043283340710e+00  1.0097403672916325e+00  0.0000000000000000e+00
 1.0017931009237115e+00  2.8676007049063956e-01  3.8842133230634221e-02  1.0100700224205277e+00  1.0082621067056508e+00  0.0000000000000000e+00
 1.0014566914365068e+00  3.0212617056627433e-01  4.0445830166019957e-02  1.0084275204884796e+00  1.0069606894752221e+00  0.0000000000000000e+00
 1.0010538996868825e+00  3.1510277672443082e-01  4.1627762700948964e-02  1.0068698126952937e+00  1.0058097900724732e+00  0.0000000000000000e+00
 1.0005686815874095e+00  3.2625031800364079e-01  4.2462773535989637e-02  1.0053561703837908e+00  1.0047847677870410e+00  0.0000000000000000e+00
 1.0000123918776631e+00  3.3595701070861467e-01  4.3001548483095453e-02  1.0038771831988063e+00  1.0038647434297157e+00  0.0000000000000000e+00
 9.9939143823234700e-01  3.4457384813795056e-01  4.3288660206451911e-02  1.0024175368282910e+00  1.0030279412852452e+00  0.0000000000000000e+00
 9.9871379651127068e-01  3.5232735914214419e-01  4.3351655060779856e-02  1.0009691358928048e+00  1.0022582439427719e+00  0.0000000000000000e+00
 9.9798476861419949e-01  3.5941961007930406e-01  4.3213903731091803e-02  9.9952334244006602e-01  1.0015416806691380e+00  0.0000000000000000e+00
 9.9720827412088120e-01  3.6597783051144434e-01  4.2888172599429224e-02  9.9807364956401434e-01  1.0008677980975400e+00  0.0000000000000000e+00
 9.9638589434303759e-01  3.7213056983366744e-01  4.2385340197022517e-02  9.9661198044437205e-01  1.0002269061641864e+00  0.0000000000000000e+00
 9.9551822813550761e-01  3.7795703301909589e-01  4.1707394592483918e-02  9.9513152007747574e-01  9.9961155100217913e-01  0.0000000000000000e+00
 9.9460421298219981e-01  3.8355634102638925e-01  4.0854118300987979e-02  9.9362333682290693e-01  9.9901380252919747e-01  0.0000000000000000e+00
 9.9364113246331542e-01  3.8897681492431474e-01  3.9813656849224721e-02  9.9207908330178396e-01  9.9842795440879273e-01  0.0000000000000000e+00
 9.9262589735069950e-01  3.9430430020148627e-01  3.8570603715978709e-02  9.9048902195010835e-01  9.9784724999993024e-01  0.0000000000000000e+00
 9.9155476478723048e-01  3.9955429649655544e-01  3.7093662739525815e-02  9.8884537824085506e-01  9.9726753716224992e-01  0.0000000000000000e+00
 9.9042459118382176e-01  4.0480656723246561e-01  3.5348593193199662e-02  9.8713952388309734e-01  9.9668317272211748e-01  0.0000000000000000e+00
 9.8923455137464122e-01  4.1004511838814889e-01  3.3283513552536247e-02  9.8536895593642748e-01  9.9609233681451792e-01  0.0000000000000000e+00
 9.8798583849311916e-01  4.1532956836691609e-01  3.0846134268417209e-02  9.8353174518476350e-01  9.9549174377322169e-01  0.0000000000000000e+00
 9.8668371815659484e-01  4.2060891255287125e-01  2.7970971120190261e-02  9.8163492964283061e-01  9.9488307304472756e-01  0.0000000000000000e+00
 9.8533614251311952e-01  4.2591895612397290e-01  2.4598667103467402e-02  9.7968624497783041e-01  9.9426602020212229e-01  0.0000000000000000e+00
 9.8395592576619095e-01  4.3115905987893632e-01  2.0664858451007920e-02  9.7770405079922529e-01  9.9364618393644277e-01  0.0000000000000000e+00
 9.8255844203992782e-01  4.3634330478563960e-01  1.6120165368671533e-02  9.7570685844830207e-01  9.9302679281102024e-01  0.0000000000000000e+00
 9.8116324496429308e-01  4.4132411283029455e-01  1.0919274219104408e-02  9.7372240211194128e-01  9.9241630494156718e-01  0.0000000000000000e+00
 9.7978976527271822e-01  4.4610185759067983e-01  5.0363801110554470e-03  9.7177563063008177e-01  9.9182055689221704e-01  0.0000000000000000e+00
 9.7846156690364405e-01  4.5052666725296792e-01 -1.5446035509269200e-03  9.6989864577703555e-01  9.9124858715329434e-01  0.0000000000000000e+00
 9.7719574384760488e-01  4.5456936939577192e-01 -8.8252534315967860e-03  9.6811515709727891e-01  9.9070750480904479e-01  0.0000000000000000e+00
 9.7601385322989942e-01  4.5814226512212086e-01 -1.6799662857385777e-02  9.6645213212931846e-01  9.9020329366336512e-01  0.0000000000000000e+00
 9.7492771927504640e-01  4.6120429644283956e-01 -2.5458547077702155e-02  9.6492699862521558e-01  9.8974209015488124e-01  0.0000000000000000e+00
 9.7395100604272444e-01  4.6365306065553635e-01 -3.4791015920400091e-02  9.6355755043318758e-01  9.8932856422443005e-01  0.0000000000000000e+00
 9.7309206128153058e-01  4.6547663199399503e-01 -4.4796187555476895e-02  9.6235450766774044e-01  9.8896553158634448e-01  0.0000000000000000e+00
 9.7235957462231237e-01  4.6654917363346354e-01 -5.5473680056736668e-02  9.6133169450086364e-01  9.8865863985991820e-01  0.0000000000000000e+00
 9.7176087759909846e-01  4.6685917817272615e-01 -6.6845145193257252e-02  9.6049671702781469e-01  9.8840850580534423e-01  0.0000000000000000e+00
 9.7130601149693807e-01  4.6628297452020800e-01 -7.8933668732001194e-02  9.5986572773155954e-01  9.8822175130189205e-01  0.0000000000000000e+00
 9.7100959124741892e-01  4.6473513265438726e-01 -9.1779283994708111e-02  9.5945636791230271e-01  9.8810184426677594e-01  0.0000000000000000e+00
 9.7089143119837196e-01  4.6209220775180770e-01 -1.0542939658121285e-01  9.5929639978315195e-01  9.8805733468992718e-01  0.0000000000000000e+00
 9.7097712170458317e-01  4.5813553972435339e-01 -1.1991704475908799e-01  9.5942176504320109e-01  9.8809924929941084e-01  0.0000000000000000e+00
 9.7130825815771182e-01  4.5266589362049958e-01 -1.3527887636930189e-01  9.5988726161157467e-01  9.8824163549499799e-01  0.0000000000000000e+00
 9.7193223137468621e-01  4.4533066766284463e-01 -1.5149431402887831e-01  9.6076110967820205e-01  9.8850627509215983e-01  0.0000000000000000e+00
 9.7291752449176494e-01  4.3583062794088528e-01 -1.6852511947606541e-01  9.6213439688929303e-01  9.8891670945273125e-01  0.0000000000000000e+00
 9.7434053392134479e-01  4.2364360696332543e-01 -1.8618782957749616e-01  9.6411683304732698e-01  9.8950705577969633e-01  0.0000000000000000e+00
 9.7630225248703040e-01  4.0836202070885275e-01 -2.0423201628796014e-01  9.6684381031757149e-01  9.9031197342281629e-01  0.0000000000000000e+00
 9.7890335538392415e-01  3.8940995963082892e-01 -2.2215242753811243e-01  9.7045836228075810e-01  9.9137300627613667e-01  0.0000000000000000e+00
 9.8224846503191243e-01  3.6638841151056467e-01 -2.3927221914281657e-01  9.7510446104274551e-01  9.9272688709273316e-01  0.0000000000000000e+00
 9.8641847109657199e-01  3.3898026887317967e-01 -2.5460316249665466e-01  9.8089675970216217e-01  9.9440226277568455e-01  0.0000000000000000e+00
 9.9143619596819854e-01  3.0727665044171409e-01 -2.6696103239103203e-01  9.8787268411946716e-01  9.9640570733323774e-01  0.0000000000000000e+00
 9.9723698341912326e-01  2.7182210233604065e-01 -2.7503291939754976e-01  9.9595124185904649e-01  9.9871069607179197e-01  0.0000000000000000e+00
 1.0036438011679294e+00  2.3378564286076661e-01 -2.7765628919362950e-01  1.0048974937872934e+00  1.0012491409979369e+00  0.0000000000000000e+00
 1.0103683839022031e+00  1.9486471536534808e-01 -2.7407514148302958e-01  1.0143216970812534e+00  1.0039127443435851e+00  0.0000000000000000e+00
 1.0170649982719739e+00  1.5708106728629989e-01 -2.6427254903320374e-01  1.0237421432588416e+00  1.0065651113726386e+00  0.0000000000000000e+00
 1.0233827696961770e+00  1.2233249679258140e-01 -2.4899928287961987e-01  1.0326657409226734e+00  1.0090708691814818e+00  0.0000000000000000e+00
 1.0290412473485602e+00  9.2020989683650828e-02 -2.2961388957328785e-01  1.0406939845843126e+00  1.0113238777024509e+00  0.0000000000000000e+00
 1.0338851391429544e+00  6.6848722906104691e-02 -2.0775549291651454e-01  1.0475947753203991e+00  1.0132603087697050e+00  0.0000000000000000e+00
 1.0378778012774275e+00  4.6849643722133794e-02 -1.8501960275045612e-01  1.0533011605417346e+00  1.0148604770670731e+00  0.0000000000000000e+00
 1.0410700107196973e+00  3.1559009709696939e-02 -1.6268530943776682e-01  1.0578736791940575e+00  1.0161407670006208e+00  0.0000000000000000e+00
 1.0435624883731554e+00  2.0253234252577971e-02 -1.4164072114866927e-01  1.0614481877037119e+00  1.0171390784259018e+00  0.0000000000000000e+00
 1.0454732670843405e+00  1.2138631091116315e-02 -1.2238961709791830e-01  1.0641897735505996e+00  1.0179024247252699e+00  0.0000000000000000e+00
 1.0469193330382989e+00  6.4765668360380925e-03 -1.0514067119729313e-01  1.0662641795770265e+00  1.0184778768795744e+00  0.0000000000000000e+00
 1.0479501685260346e+00  2.6404270173409007e-03 -8.9856713626769738e-02  1.0677652897541237e+00  1.0189084575041958e+00  0.0000000000000000e+00
 1.0487253783069164e+00 -9.3570881333213488e-06 -7.5966041368705786e-02  1.0689013301969941e+00  1.0192385464368665e+00  0.0000000000000000e+00
 1.0494664289985847e+00 -1.8382196926635332e-03 -6.2063816628409985e-02  1.0699440153602164e+00  1.0195123786676741e+00  0.0000000000000000e+00
 1.0501029261260477e+00 -2.8868320674358058e-03 -4.6693019909335491e-02  1.0708432504226000e+00  1.0197507537409367e+00  0.0000000000000000e+00
 1.0505959416997521e+00 -2.8902575113289733e-03 -2.9063233053845859e-02  1.0715468451609964e+00  1.0199419230835294e+00  0.0000000000000000e+00
 1.0508791445590639e+00 -1.2714893547588510e-03 -8.8517604632243167e-03  1.0719520181112461e+00  1.0200526137199386e+00  0.0000000000000000e+00
 1.0508421283397613e+00  2.7054677350307780e-03  1.3968877694253659e-02  1.0718961807331966e+00  1.0200354095307342e+00  0.0000000000000000e+00
 1.0503399353755911e+00  9.9091130794585740e-03  3.9146159379170445e-02  1.0711697907898725e+00  1.0198315371173934e+00  0.0000000000000000e+00
 1.0492075199175701e+00  2.1246814520770464e-02  6.6039470051609123e-02  1.0695382786614769e+00  1.0193772522193743e+00  0.0000000000000000e+00
 1.0472845623796945e+00  3.7509163091795375e-02  9.3598796923914013e-02  1.0667769977722854e+00  1.0186123581811417e+00  0.0000000000000000e+00
 1.0444511910886387e+00  5.9122099394166572e-02  1.2034182555370525e-01  1.0627256704662469e+00  1.0174967289362375e+00  0.0000000000000000e+00
 1.0406776280587573e+00  8.5941167240845287e-02  1.4458895002270622e-01  1.0573526428983058e+00  1.0160232279333743e+00  0.0000000000000000e+00
 1.0360548995374053e+00  1.1710045542124856e-01  1.6470180756582814e-01  1.0507983296368886e+00  1.0142303560420074e+00  0.0000000000000000e+00
 1.0307992942111908e+00  1.5115757343635697e-01  1.7952367038249636e-01  1.0433713115660501e+00  1.0121963775348528e+00  0.0000000000000000e+00
 1.0252094505435079e+00  1.8630413454231584e-01  1.8850539072823669e-01  1.0354897794616755e+00  1.0100275401409124e+00  0.0000000000000000e+00
 1.0195935107332199e+00  2.2082130542685180e-01  1.9184928934282633e-01  1.0275840018579869e+00  1.0078369379960266e+00  0.0000000000000000e+00
 1.0142045048753638e+00  2.5326023913249768e-01  1.9022038406386230e-01  1.0200093664505943e+00  1.0057235612219491e+00  0.0000000000000000e+00
 1.0092199528189492e+00  2.8276382579989212e-01  1.8466085441428770e-01  1.0130137661350269e+00  1.0037591540927040e+00  0.0000000000000000e+00
 1.0047433934382488e+00  3.0883848756585441e-01  1.7618778239328747e-01  1.0067360697325702e+00  1.0019832688697785e+00  0.0000000000000000e+00
 1.0008049113117239e+00  3.3147869840321964e-01  1.6578084686277936e-01  1.0012189116770132e+00  1.0004136673997202e+00  0.0000000000000000e+00
 9.9739501450757484e-01  3.5080869210622723e-01  1.5417760568825598e-01  9.9644578006064277e-01  9.9904828635282428e-01  0.0000000000000000e+00
 9.9447684233325284e-01  3.6717017555023451e-01  1.4197582304048229e-01  9.9236579545144588e-01  9.9787722871771078e-01  0.0000000000000000e+00
 9.9200434826313177e-01  3.8087139303412682e-01  1.2956638161156070e-01  9.8891122059012049e-01  9.9688194141645980e-01  0.0000000000000000e+00
 9.8992792130274454e-01  3.9227959517724426e-01  1.1723247673621871e-01  9.8601352635510209e-01  9.9604577781532733e-01  0.0000000000000000e+00
 9.8820376715538005e-01  4.0168287569441441e-01  1.0514063910328035e-01  9.8360945124152099e-01  9.9535084153030107e-01  0.0000000000000000e+00
 9.8679031058199751e-01  4.0935464980777386e-01  9.3396949831544743e-02  9.8164262220462295e-01  9.9478340198300264e-01  0.0000000000000000e+00
 9.8565695047183399e-01  4.1551894029778846e-01  8.2059777421425395e-02  9.8006713684085145e-01  9.9432884470777938e-01  0.0000000000000000e+00
 9.8477595605318691e-01  4.2035355830043092e-01  7.1158574997667243e-02  9.7884600973236824e-01  9.9397838027587038e-01  0.0000000000000000e+00
 9.8412855005459643e-01  4.2399776704519243e-01  6.0708306378023144e-02  9.7795188927215160e-01  9.9372372564325873e-01  0.0000000000000000e+00
 9.8369589079399244e-01  4.2656260120917794e-01  5.0719151371278456e-02  9.7736025934254311e-01  9.9355935964484376e-01  0.0000000000000000e+00
 9.8346701445972340e-01  4.2816704700666841e-01  4.1205676073050826e-02  9.7705353766577285e-01  9.9347870675919547e-01  0.0000000000000000e+00
 9.8343014923210825e-01  4.2886735771231743e-01  3.2180769395140779e-02  9.7701672158523512e-01  9.9347851227473483e-01  0.0000000000000000e+00
 9.8357317716819959e-01  4.2873001638639696e-01  2.3666027015694750e-02  9.7723365572638543e-01  9.9355460113291616e-01  0.0000000000000000e+00
 9.8388311142381812e-01  4.2781715372347151e-01  1.5687630640101796e-02  9.7768684142159890e-01  9.9370222953288412e-01  0.0000000000000000e+00
 9.8434748288797935e-01  4.2622649209875962e-01  8.2750323455070603e-03  9.7835750859266646e-01  9.9391477664194494e-01  0.0000000000000000e+00
 9.8494801229029560e-01  4.2401622948238549e-01  1.4536778969735243e-03  9.7922179245265661e-01  9.9418627199995702e-01  0.0000000000000000e+00
 9.8566411254307140e-01  4.2126532720567511e-01 -4.7559408938427934e-03  9.8025235180533132e-01  9.9450952848047058e-01  0.0000000000000000e+00
 9.8647484638919469e-01  4.1806621502090657e-01 -1.0343857276180059e-02  9.8141977661534729e-01  9.9487562222964898e-01  0.0000000000000000e+00
 9.8735592640468395e-01  4.1452875838845560e-01 -1.5314231295136432e-02  9.8269108691896434e-01  9.9527542261005542e-01  0.0000000000000000e+00
 9.8828462483116020e-01  4.1071517781184841e-01 -1.9685036287030038e-02  9.8403586338533910e-01  9.9570087266454566e-01  0.0000000000000000e+00
 9.8923762288011696e-01  4.0669045329710007e-01 -2.3488118371867966e-02  9.8542424105643667e-01  9.9614513061828602e-01  0.0000000000000000e+00
 9.9019718833912473e-01  4.0251986204688489e-01 -2.6768048651731297e-02  9.8683183038515121e-01  9.9660132547980873e-01  0.0000000000000000e+00
 9.9114685865362628e-01  3.9826769043757726e-01 -2.9578957318678850e-02  9.8823769239032044e-01  9.9706484842492726e-01  0.0000000000000000e+00
 9.9207672138449488e-01  3.9395032212626391e-01 -3.1977108284365167e-02  9.8962864253900973e-01  9.9753236942998869e-01  0.0000000000000000e+00
 9.9297716026112637e-01  3.8957091148862505e-01 -3.4018175629418550e-02  9.9099470550457047e-01  9.9800352431466366e-01  0.0000000000000000e+00
 9.9384528951198559e-01  3.8512742002465672e-01 -3.5754319285305411e-02  9.9233295106114028e-01  9.9847829590097703e-01  0.0000000000000000e+00
 9.9467808104867028e-01  3.8060729787464859e-01 -3.7230771318916035e-02  9.9364298858836764e-01  9.9895936938792185e-01  0.0000000000000000e+00
 9.9547721165427649e-01  3.7596709471028011e-01 -3.8482061027397950e-02  9.9492920998346368e-01  9.9944950857297687e-01  0.0000000000000000e+00
 9.9624265038545934e-01  3.7115400528221570e-01 -3.9533097265508979e-02  9.9619678689598667e-01  9.9995396353543531e-01  0.0000000000000000e+00
 9.9697688106886595e-01  3.6611721966692162e-01 -4.0400889734413865e-02  9.9745214142557304e-01  1.0004767014819820e+00  0.0000000000000000e+00
 9.9767944840375722e-01  3.6079588664525841e-01 -4.1094338518430903e-02  9.9870156768125407e-01  1.0010244966748914e+00  0.0000000000000000e+00
 9.9835174332594734e-01  3.5511765879213508e-01 -4.1615508267448149e-02  9.9995146612415464e-01  1.0016023639052085e+00  0.0000000000000000e+00
 9.9899022994767206e-01  3.4898327609294477e-01 -4.1959131685516085e-02  1.0012070689139909e+00  1.0022190797265706e+00  0.0000000000000000e+00
 9.9959370451262997e-01  3.4229185273066415e-01 -4.2116872572988941e-02  1.0024743990710168e+00  1.0028818654473135e+00  0.0000000000000000e+00
 1.0001548885265266e+00  3.3489322934827098e-01 -4.2072514889539815e-02  1.0037586397231206e+00  1.0036031931033238e+00  0.0000000000000000e+00
 1.0006700383511091e+00  3.2661839835189638e-01 -4.1806265611253272e-02  1.0050668344223452e+00  1.0043938520218725e+00  0.0000000000000000e+00
 1.0011275534448258e+00  3.1720439608116857e-01 -4.1285451840694355e-02  1.0064058683189510e+00  1.0052723699951749e+00  0.0000000000000000e+00
 1.0015244343455219e+00  3.0635221023663928e-01 -4.0471789601669479e-02  1.0077896029012501e+00  1.0062556322550660e+00  0.0000000000000000e+00
 1.0018436797293007e+00  2.9362138688944661e-01 -3.9307360438080821e-02  1.0092264271179616e+00  1.0073691610158744e+00  0.0000000000000000e+00
 1.0021068765187211e+00  2.7853173065785464e-01 -3.7727671942364441e-02  1.0107555680971891e+00  1.0086305081634739e+00  0.0000000000000000e+00
 1.0022869448582941e+00  2.6024574995131922e-01 -3.5618193461699241e-02  1.0123835382371660e+00  1.0100735557124310e+00  0.0000000000000000e+00
 1.0024630943990689e+00  2.3679740162838511e-01 -3.2706104500846045e-02  1.0142750577775834e+00  1.0117829408828216e+00  0.0000000000000000e+00
 1.0023137362529448e+00  2.0323365226380030e-01 -2.8295350033252498e-02  1.0162987212713215e+00  1.0139527021455961e+00  0.0000000000000000e+00
 1.0029661555695790e+00  1.5131780689857360e-01 -2.1216217929962415e-02  1.0196738327094870e+00  1.0166582661310442e+00  0.0000000000000000e+00
 1.0023269429799799e+00  7.6892443284260495e-02 -1.0892126388785412e-02  1.0215396002126078e+00  1.0191680542633201e+00  0.0000000000000000e+00
