#               DENSITY,             VELOCITY-X,             VELOCITY-Y,               PRESSURE,            TEMPERATURE,              VISCOSITY
 1.0076579355957027e+00  5.3302413183037326e-03 -1.1519129932532565e-03  1.0270128629524231e+00  1.0192078349934082e+00  0.0000000000000000e+00
 1.0035003126759154e+00  6.1806315848051421e-02  8.8004207233820762e-03  1.0215844750750407e+00  1.0180210829739580e+00  0.0000000000000000e+00
 1.0035934106791102e+00  1.2868234192777980e-01  1.8043184576569452e-02  1.0194963319173824e+00  1.0158459801240736e+00  0.0000000000000000e+00
 1.0023479217581117e+00  1.7816664116391021e-01  2.4805463982009383e-02  1.0158868234443572e+00  1.0135071878659645e+00  0.0000000000000000e+00
 1.0019243022986857e+00  2.1205647962276675e-01  2.9288611658523402e-02  1.0135110626815771e+00  1.0115645067759196e+00  0.0000000000000000e+00
 1.0012830062053129e+00  2.3606767377951171e-01  3.2308964598407063e-02  1.0112682742787860e+00  1.0099724733283106e+00  0.0000000000000000e+00
 1.0006913988616464e+00  2.5531073267237464e-01  3.4582240951036805e-02  1.0092723684351446e+00  1.0085750408000507e+00  0.0000000000000000e+00
 1.0000499843478177e+00  2.7151098976103649e-01  3.6347383266212785e-02  1.0073626504121385e+00  1.0073123005637463e+00  0.0000000000000000e+00
 9.9936931493604719e-01  2.8564115038096072e-01  3.7735543990769435e-02  1.0055207270779418e+00  1.0061552941940073e+00  0.0000000000000000e+00
 9.9860998479047436e-01  2.9771525683451056e-01  3.8748783569504799e-02  1.0037034890560712e+00  1.0051005941690696e+00  0.0000000000000000e+00
 9.9777641741095657e-01  3.0826384666531559e-01  3.9456863862112779e-02  1.0018992733568544e+00  1.0041320438867418e+00  0.0000000000000000e+00
 9.9686644712942529e-01  3.1762060097148753e-01  3.9902528631568152e-02  1.0000894201233865e+00  1.0032331040965843e+00  0.0000000000000000e+00
 9.9587872680985812e-01  3.2614116936817350e-01  4.0129586449787653e-02  9.9826058327247980e-01  1.0023917133667990e+00  0.0000000000000000e+00
 9.9481585286558649e-01  3.3391404228654759e-01  4.0147308184243370e-02  9.9640110487723621e-01  1.0015935130175939e+00  0.0000000000000000e+00
 9.9367366116927547e-01  3.4115152023186546e-01  3.9978838148873035e-02  9.9450088560437300e-01  1.0008324910555890e+00  0.0000000000000000e+00
 9.9245556702724635e-01  3.4800025124340367e-01  3.9636951513035874e-02  9.9254741442670291e-01  1.0000925456035596e+00  0.0000000000000000e+00
 9.9115107366401056e-01  3.5452463929722816e-01  3.9121590890028500e-02  9.9052765736938264e-01  9.9937101788900551e-01  0.0000000000000000e+00
 9.8975206186252895e-01  3.6056657253771707e-01  3.8405359880201488e-02  9.8842821333572795e-01  9.9866244428497630e-01  0.0000000000000000e+00
 9.8824701554436867e-01  3.6627828279556052e-01  3.7490330533547285e-02  9.8623308179076519e-01  9.9796211501585574e-01  0.0000000000000000e+00
 9.8662867731710313e-01  3.7157938197630203e-01  3.6347670256134029e-02  9.8392733831992485e-01  9.9726205100329768e-01  0.0000000000000000e+00
 9.8488665514217877e-01  3.7695233968213449e-01  3.4995332838999367e-02  9.8149237399938005e-01  9.9655363271999209e-01  0.0000000000000000e+00
 9.8299700167720616e-01  3.8186936695416862e-01  3.3345683921998326e-02  9.7891218306461625e-01  9.9584452586770866e-01  0.0000000000000000e+00
 9.8096676952640738e-01  3.8707446565027975e-01  3.1419019883774491e-02  9.7617239420254276e-01  9.9511260169783422e-01  0.0000000000000000e+00
 9.7877205837156112e-01  3.9198239189572143e-01  2.9112277095426155e-02  9.7326091435855877e-01  9.9436932841935499e-01  0.0000000000000000e+00
 9.7644048452497600e-01  3.9740675179477475e-01  2.6427920521872122e-02  9.7017126384679209e-01  9.9357951582555126e-01  0.0000000000000000e+00
 9.7392354058336761e-01  4.0204222306736820e-01  2.3219715430083346e-02  9.6690188437185309e-01  9.9279034141909295e-01  0.0000000000000000e+00
 9.7126841826735300e-01  4.0735227761102244e-01  1.9523966756134974e-02  9.6345348393143049e-01  9.9195388814364682e-01  0.0000000000000000e+00
 9.6844814905268206e-01  4.1217142335050638e-01  1.5227499760769717e-02  9.5983618647654079e-01  9.9110746137047701e-01  0.0000000000000000e+00
 9.6553925948608588e-01  4.1892564376940483e-01  1.0365211629303921e-02  9.5605939876536372e-01  9.9018179672386641e-01  0.0000000000000000e+00
 9.6247819536383494e-01  4.2521869446348748e-01  4.8010683290621277e-03  9.5213745643990566e-01  9.8925613175057947e-01  0.0000000000000000e+00
 9.5936979818732460e-01  4.3359546703504470e-01 -1.4861198424781584e-03  9.4808525061333504e-01  9.8823754135755482e-01  0.0000000000000000e+00
 9.5616632595839302e-01  4.4233514696065879e-01 -8.5868403400711744e-03  9.4391268649854687e-01  9.8718461513736777e-01  0.0000000000000000e+00
 9.5293127545147815e-01  4.5229700759796732e-01 -1.6585488644297673e-02  9.3962008460571389e-01  9.8603132126243054e-01  0.0000000000000000e+00
 9.4952159618882048e-01  4.6093329337565886e-01 -2.5443092367960211e-02  9.3521711678163266e-01  9.8493506681195808e-01  0.0000000000000000e+00
 9.4607418097919982e-01  4.7075213355540951e-01 -3.5323380312459400e-02  9.3069107886348224e-01  9.8374006771879596e-01  0.0000000000000000e+00
 9.4254048699818782e-01  4.8077380282701249e-01 -4.6267136064166783e-02  9.2603811329800101e-01  9.8249160229419574e-01  0.0000000000000000e+00
 9.3909115025908452e-01  4.9314377024151379e-01 -5.8636029092904177e-02  9.2123152714608048e-01  9.8098201318575240e-01  0.0000000000000000e+00
 9.3555302313863575e-01  5.0612791707036386e-01 -7.2466875532678027e-02  9.1625218227946359e-01  9.7936959169409710e-01  0.0000000000000000e+00
 9.3200257533959641e-01  5.1955780358226977e-01 -8.7951910459285257e-02  9.1106579663121823e-01  9.7753570723691485e-01  0.0000000000000000e+00
 9.2837200915396390e-01  5.3316081935877568e-01 -1.0529127131475811e-01  9.0565148940138562e-01  9.7552649204354669e-01  0.0000000000000000e+00
 9.2450740199316273e-01  5.4468575284318532e-01 -1.2427437137415166e-01  8.9998267754652916e-01  9.7347265755389301e-01  0.0000000000000000e+00
 9.2060216397981587e-01  5.5685127776434817e-01 -1.4575587555510736e-01  8.9406964526545685e-01  9.7117916972988938e-01  0.0000000000000000e+00
 9.1639331652206502e-01  5.6651148652318117e-01 -1.6930189547524063e-01  8.8789732836478763e-01  9.6890419469073996e-01  0.0000000000000000e+00
 9.1202978591144768e-01  5.7454531816358945e-01 -1.9545074574089186e-01  8.8151765277333016e-01  9.6654480631065720e-01  0.0000000000000000e+00
 9.0745552431722287e-01  5.7942839702165549e-01 -2.2405166692812781e-01  8.7499596385064871e-01  9.6423013624717657e-01  0.0000000000000000e+00
 9.0293292850846441e-01  5.8197254668764620e-01 -2.5577225091652367e-01  8.6848539143431547e-01  9.6184928471813314e-01  0.0000000000000000e+00
 8.9853422763909674e-01  5.8061180751431618e-01 -2.9037886662330031e-01  8.6218648942847853e-01  9.5954774220886174e-01  0.0000000000000000e+00
 8.9451239475755073e-01  5.7442065400229980e-01 -3.2769791091333811e-01  8.5642293187141039e-01  9.5741874220036505e-01  0.0000000000000000e+00
 8.9114768149392121e-01  5.6194015692775978e-01 -3.6697928424761678e-01  8.5162180178769797e-01  9.5564609488748054e-01  0.0000000000000000e+00
 8.8893952948023769e-01  5.4244282005672073e-01 -4.0742088951793259e-01  8.4834894467530120e-01  9.5433819347794147e-01  0.0000000000000000e+00
 8.8827165700513744e-01  5.1463492514446219e-01 -4.4711305348724312e-01  8.4719348607589562e-01  9.5375494579244013e-01  0.0000000000000000e+00
 8.8960772593638660e-01  4.7832270987083303e-01 -4.8397138284300950e-01  8.4873040986083703e-01  9.5405017865315567e-01  0.0000000000000000e+00
 8.9319579957088091e-01  4.3400664341776990e-01 -5.1544772387393767e-01  8.5332426753045698e-01  9.5536081555737362e-01  0.0000000000000000e+00
 8.9907292224287172e-01  3.8352181319905410e-01 -5.3941556985702976e-01  8.6101312282964371e-01  9.5766772808785972e-01  0.0000000000000000e+00
 9.0690200211998118e-01  3.2946862305359526e-01 -5.5429056158889833e-01  8.7140979989446921e-01  9.6086434681746768e-01  0.0000000000000000e+00
 9.1613244645791181e-01  2.7501288594712336e-01 -5.5975930403092222e-01  8.8379935550774402e-01  9.6470696887204599e-01  0.0000000000000000e+00
 9.2607425524660569e-01  2.2309612106305526e-01 -5.5666294824621687e-01  8.9727371335630124e-01  9.6890039678013196e-01  0.0000000000000000e+00
 9.3609777363072233e-01  1.7595018998345666e-01 -5.4680276652534332e-01  9.1096023218855338e-01  9.7314645739977457e-01  0.0000000000000000e+00
 9.4569235889360392e-01  1.3479338369983507e-01 -5.3229055849743456e-01  9.2414277925415966e-01  9.7721290709734032e-01  0.0000000000000000e+00
 9.5452243230668898e-01  9.9944672165318535e-02 -5.1514449638359361e-01  9.3633814529558301e-01  9.8094933508564919e-01  0.0000000000000000e+00
 9.6240102525774551e-01  7.1079597947485196e-02 -4.9697941979439608e-01  9.4727516703487391e-01  9.8428320645354628e-01  0.0000000000000000e+00
 9.6929094329811205e-01  4.7525776871483683e-02 -4.7896887995985316e-01  9.5688095793279637e-01  9.8719684172113564e-01  0.0000000000000000e+00
 9.7524904633099130e-01  2.8478172519970726e-02 -4.6184743960926472e-01  9.6521277607837186e-01  9.8970901813195622e-01  0.0000000000000000e+00
 9.8015900158569358e-01  1.3146506666979463e-02 -4.4607509880382701e-01  9.7217315479622146e-01  9.9185249864914515e-01  0.0000000000000000e+00
 9.8447353106673063e-01 -5.3798175195468464e-06 -4.3131423975601546e-01  9.7830721397328946e-01  9.9373643180964000e-01  0.0000000000000000e+00
 9.8894390752825923e-01 -1.2265791583921697e-02 -4.1590414377617008e-01  9.8459100749470208e-01  9.9559843586636132e-01  0.0000000000000000e+00
 9.9372422953954187e-01 -2.4554682501251670e-02 -3.9810031052192313e-01  9.9136998914209951e-01  9.9763089162218266e-01  0.0000000000000000e+00
 9.9902456003286100e-01 -3.7402301414527189e-02 -3.7688329592582148e-01  9.9892183825071179e-01  9.9989717792108568e-01  0.0000000000000000e+00
 1.0048709745276918e+00 -5.0313924928863253e-02 -3.5175141125520287e-01  1.0072659318454107e+00  1.0023833480898827e+00  0.0000000000000000e+00
 1.0112542497210621e+00 -6.2531758677595653e-02 -3.2228565261869907e-01  1.0163745891466183e+00  1.0050633551621353e+00  0.0000000000000000e+00
 1.0180535329026401e+00 -7.2983336581623676e-02 -2.8819186798392893e-01  1.0260726188291842e+00  1.0078768804069473e+00  0.0000000000000000e+00
 1.0250348242270086e+00 -8.0276670412475992e-02 -2.4946804710104470e-01  1.0360456367299944e+00  1.0107418911462733e+00  0.0000000000000000e+00
 1.0318718501406752e+00 -8.2876443108047704e-02 -2.0678272657802427e-01  1.0458193713639983e+00  1.0135167184000822e+00  0.0000000000000000e+00
 1.0381182562808908e+00 -7.9272174783554333e-02 -1.6134547828066631e-01  1.0547981553540595e+00  1.0160674364141571e+00  0.0000000000000000e+00
 1.0433268085094405e+00 -6.8440370841276757e-02 -1.1513903067679979e-01  1.0623282959786893e+00  1.0182124022063574e+00  0.0000000000000000e+00
 1.0470921240696227e+00 -5.0037944441767422e-02 -7.0375925656411931e-02  1.0678605826412879e+00  1.0198344138918234e+00  0.0000000000000000e+00
 1.0492013106544820e+00 -2.4756042186900931e-02 -2.9399360801902592e-02  1.0710627950468339e+00  1.0208363106015519e+00  0.0000000000000000e+00
 1.0496087513868464e+00  6.2144778661279093e-03  6.2885901291505012e-03  1.0719278476204046e+00  1.0212642055471322e+00  0.0000000000000000e+00
 1.0485491156166107e+00  4.0804365180960922e-02  3.5451243542512167e-02  1.0706892825052183e+00  1.0211150498902364e+00  0.0000000000000000e+00
 1.0462901059991796e+00  7.7332304064548621e-02  5.8082346901076692e-02  1.0677574029754366e+00  1.0205175379688376e+00  0.0000000000000000e+00
 1.0432075632895492e+00  1.1385336911149364e-01  7.4353381179888725e-02  1.0635906729450879e+00  1.0195388821676721e+00  0.0000000000000000e+00
 1.0395370057153537e+00  1.4993855103283463e-01  8.5537507898917550e-02  1.0586454113593533e+00  1.0183816502336542e+00  0.0000000000000000e+00
 1.0356083800967533e+00  1.8417820689291800e-01  9.2112302200913987e-02  1.0532749439772313e+00  1.0170591163802940e+00  0.0000000000000000e+00
 1.0316097457928444e+00  2.1650294071158704e-01  9.5150317028605727e-02  1.0477647145361333e+00  1.0156599613460158e+00  0.0000000000000000e+00
 1.0277151399355855e+00  2.4597759650192957e-01  9.5114128771764880e-02  1.0423031022058422e+00  1.0141945581060248e+00  0.0000000000000000e+00
 1.0239953749419279e+00  2.7319893928959305e-01  9.2937688980890526e-02  1.0370317423786293e+00  1.0127308850759613e+00  0.0000000000000000e+00
 1.0205111279965304e+00  2.9757891095178923e-01  8.8931402965027537e-02  1.0320240586476330e+00  1.0112815336700003e+00  0.0000000000000000e+00
 1.0173027537341488e+00  3.1941122054950971e-01  8.3605189904568070e-02  1.0273360722296452e+00  1.0098626671938791e+00  0.0000000000000000e+00
 1.0143605760573016e+00  3.3870083847627530e-01  7.7277368487850245e-02  1.0229917469887877e+00  1.0085089771184077e+00  0.0000000000000000e+00
 1.0117083267311300e+00  3.5528607176321886e-01  7.0164534626606323e-02  1.0190101626487762e+00  1.0072173330244687e+00  0.0000000000000000e+00
 1.0093075726761744e+00  3.6949251643771924e-01  6.2548946229146432e-02  1.0153912014997761e+00  1.0060275271763506e+00  0.0000000000000000e+00
 1.0071674245959528e+00  3.8138920499614082e-01  5.4607169457759973e-02  1.0121390347587385e+00  1.0049362301057150e+00  0.0000000000000000e+00
 1.0052681847018805e+00  3.9151496845990003e-01  4.6552345072207388e-02  1.0092516535190272e+00  1.0039625931445628e+00  0.0000000000000000e+00
 1.0036120470446745e+00  3.9876333154731292e-01  3.8376030263508457e-02  1.0067249973660697e+00  1.0031017466665151e+00  0.0000000000000000e+00
 1.0021764676107874e+00  4.0416218570473622e-01  3.0327212243794064e-02  1.0045511308811297e+00  1.0023695061170252e+00  0.0000000000000000e+00
 1.0009602177754331e+00  4.0782569252660406e-01  2.2511956721591696e-02  1.0027217278536935e+00  1.0017598202675582e+00  0.0000000000000000e+00
 9.9995981533079736e-01  4.1057889517349205e-01  1.5055865993843646e-02  1.0012295178355057e+00  1.0012697535293342e+00  0.0000000000000000e+00
 9.9915130920433926e-01  4.1121167782211876e-01  7.9837110102969830e-03  1.0000556291022074e+00  1.0009050880377552e+00  0.0000000000000000e+00
 9.9852650061681036e-01  4.1077793848913069e-01  1.4084952960405272e-03  9.9917837673358711e-01  1.0006528380732753e+00  0.0000000000000000e+00
 9.9807502983682039e-01  4.0942989408683705e-01 -4.6223203384219876e-03  9.9857431473397895e-01  1.0005002478593623e+00  0.0000000000000000e+00
 9.9778777577904021e-01  4.0743549629050479e-01 -1.0080643769489176e-02  9.9821671855781102e-01  1.0004298938002483e+00  0.0000000000000000e+00
 9.9763491560421214e-01  4.0410334161369005e-01 -1.4928965276223546e-02  9.9806920480484007e-01  1.0004353187662494e+00  0.0000000000000000e+00
 9.9760233152828859e-01  4.0031854963395752e-01 -1.9186646644069032e-02  9.9809883630235363e-01  1.0004976980890818e+00  0.0000000000000000e+00
 9.9767161016630190e-01  3.9659578296896753e-01 -2.2905100061473959e-02  9.9827376139808455e-01  1.0006035565467104e+00  0.0000000000000000e+00
 9.9782284073556804e-01  3.9297511731757134e-01 -2.6133234084126683e-02  9.9856729374284769e-01  1.0007460773364649e+00  0.0000000000000000e+00
 9.9803066277772912e-01  3.8900081843192463e-01 -2.8890661422842086e-02  9.9895022330254790e-01  1.0009213750229473e+00  0.0000000000000000e+00
 9.9827626713675011e-01  3.8490239093875361e-01 -3.1242653152129058e-02  9.9940262888648401e-01  1.0011283066489849e+00  0.0000000000000000e+00
 9.9854933472524365e-01  3.8089383368414842e-01 -3.3260471250197751e-02  9.9990916412168551e-01  1.0013618049195498e+00  0.0000000000000000e+00
 9.9884277360796814e-01  3.7680776696347562e-01 -3.4981924220467510e-02  1.0004613318187172e+00  1.0016204334190684e+00  0.0000000000000000e+00
 9.9915093087668350e-01  3.7244348313929121e-01 -3.6432183731583141e-02  1.0010508924035657e+00  1.0019015760964316e+00  0.0000000000000000e+00
 9.9946632132832802e-01  3.6790006637044687e-01 -3.7656359336150705e-02  1.0016753317474534e+00  1.0022101899503624e+00  0.0000000000000000e+00
 9.9978996649548268e-01  3.6332904061833821e-01 -3.8699640513276623e-02  1.0023345623028577e+00  1.0025451303700261e+00  0.0000000000000000e+00
 1.0001149450909013e+00  3.5860204816930585e-01 -3.9571582605472132e-02  1.0030307747769904e+00  1.0029154945643017e+00  0.0000000000000000e+00
 1.0004448908893064e+00  3.5358685731537043e-01 -4.0273227086033418e-02  1.0037642484626874e+00  1.0033178814781398e+00  0.0000000000000000e+00
 1.0007627535458299e+00  3.4812545463095607e-01 -4.0796100886515321e-02  1.0045370652637970e+00  1.0037714350425158e+00  0.0000000000000000e+00
 1.0010672883461695e+00  3.4217478537532281e-01 -4.1140536765648598e-02  1.0053508337633272e+00  1.0042789785132571e+00  0.0000000000000000e+00
 1.0013434398970402e+00  3.3547803922688657e-01 -4.1278482703934950e-02  1.0062080706378356e+00  1.0048581041698299e+00  0.0000000000000000e+00
 1.0015964747221866e+00  3.2797250327681504e-01 -4.1203085592144077e-02  1.0071102536005574e+00  1.0055049903005102e+00  0.0000000000000000e+00
 1.0018007100604669e+00  3.1925521717602962e-01 -4.0863835184131267e-02  1.0080614922010487e+00  1.0062495285516460e+00  0.0000000000000000e+00
 1.0019489160721060e+00  3.0908551410366708e-01 -4.0228820219175572e-02  1.0090647265579493e+00  1.0071019693436460e+00  0.0000000000000000e+00
 1.0020240558918718e+00  2.9694222539174164e-01 -3.9228685850318246e-02  1.0101311547449241e+00  1.0080907227779443e+00  0.0000000000000000e+00
 1.0020300877393331e+00  2.8259771300740583e-01 -3.7831722708558578e-02  1.0112647152231680e+00  1.0092159183609639e+00  0.0000000000000000e+00
 1.0019744428673929e+00  2.6509817884824205e-01 -3.5908311476155315e-02  1.0125024671155696e+00  1.0105072782276245e+00  0.0000000000000000e+00
 1.0018436943196254e+00  2.4352369168053470e-01 -3.3330003759192046e-02  1.0138404521902427e+00  1.0119746802207152e+00  0.0000000000000000e+00
 1.0017681178416482e+00  2.1592705788198496e-01 -2.9824377588973373e-02  1.0154346139421357e+00  1.0136423747742471e+00  0.0000000000000000e+00
 1.0015584953172467e+00  1.7898366215846764e-01 -2.4920530607952778e-02  1.0171316712672227e+00  1.0155489429951301e+00  0.0000000000000000e+00
 1.0025506598685272e+00  1.2763510938652528e-01 -1.7899767528384080e-02  1.0201551613438791e+00  1.0175597126210667e+00  0.0000000000000000e+00
 1.0024913797697694e+00  6.1994954452023500e-02 -8.8663842976776843e-03  1.0215865252245107e+00  1.0190476904241579e+00  0.0000000000000000e+00
