#               DENSITY,             VELOCITY-X,             VELOCITY-Y,               PRESSURE,            TEMPERATURE,              VISCOSITY
 1.0164000442646250e+00  0.0000000000000000e+00  0.0000000000000000e+00  1.0170367255487505e+00  1.0006264081625322e+00  2.9594645963445166e-08
 1.0084396280202192e+00  0.0000000000000000e+00  0.0000000000000000e+00  1.0081550459707800e+00  9.9971779961682228e-01  2.9573979121460618e-08
 1.0097276315110344e+00  0.0000000000000000e+00  0.0000000000000000e+00  1.0094227564135716e+00  9.9969806204371525e-01  2.9573530077187171e-08
 1.0110076825008851e+00  0.0000000000000000e+00  0.0000000000000000e+00  1.0106669573685187e+00  9.9966298462587022e-01  2.9572732029540486e-08
 1.0123238433190989e+00  0.0000000000000000e+00  0.0000000000000000e+00  1.0119070327979431e+00  9.9958826365307263e-01  2.9571032004456129e-08
 1.0136605482033192e+00  0.0000000000000000e+00  0.0000000000000000e+00  1.0130799911422557e+00  9.9942726678857896e-01  2.9567368850682045e-08
 1.0154228047554279e+00  0.0000000000000000e+00  0.0000000000000000e+00  1.0145793642579874e+00  9.9916937014464291e-01  2.9561500342518164e-08
 1.0160095907374993e+00  0.0000000000000000e+00  0.0000000000000000e+00  1.0151389062517744e+00  9.9914303517047232e-01  2.9560901041556979e-08
 1.0045178931162879e+00  0.0000000000000000e+00  0.0000000000000000e+00  1.0042712773678288e+00  9.9975449342401090e-01  2.9574813921037165e-08
 1.0031908023966896e+00  0.0000000000000000e+00  0.0000000000000000e+00  1.0029535221581563e+00  9.9976347446770242e-01  2.9575018241294363e-08
 1.0018570171386965e+00  0.0000000000000000e+00  0.0000000000000000e+00  1.0016281079460496e+00  9.9977151510771434e-01  2.9575201166451556e-08
 1.0005174810330286e+00  0.0000000000000000e+00  0.0000000000000000e+00  1.0002961720781756e+00  9.9977880550910092e-01  2.9575367023005428e-08
 9.9917244381921488e-01  0.0000000000000000e+00  0.0000000000000000e+00  9.9895810391354511e-01  9.9978548256910460e-01  2.9575518925532994e-08
 9.9781932266616646e-01  0.0000000000000000e+00  0.0000000000000000e+00  9.9761139121873443e-01  9.9979161413022533e-01  2.9575658417574094e-08
 9.9645494573659132e-01  0.0000000000000000e+00  0.0000000000000000e+00  9.9625297022335879e-01  9.9979730592527394e-01  2.9575787904634329e-08
 9.9507368969590082e-01  0.0000000000000000e+00  0.0000000000000000e+00  9.9487726761044004e-01  9.9980260548792066e-01  2.9575908468172898e-08
 9.9366924526612344e-01  0.0000000000000000e+00  0.0000000000000000e+00  9.9347804460044398e-01  9.9980758117795221e-01  2.9576021663418773e-08
 9.9223443981943904e-01  0.0000000000000000e+00  0.0000000000000000e+00  9.9204819417662682e-01  9.9981229673619687e-01  2.9576128940502455e-08
 9.9076314448596181e-01  0.0000000000000000e+00  0.0000000000000000e+00  9.9058170171878090e-01  9.9981686564726346e-01  2.9576232881185998e-08
 9.8924946939162661e-01  0.0000000000000000e+00  0.0000000000000000e+00  9.8907270832794769e-01  9.9982131801011997e-01  2.9576334170227500e-08
 9.8769239825352095e-01  0.0000000000000000e+00  0.0000000000000000e+00  9.8752031988690037e-01  9.9982577737064227e-01  2.9576435618242383e-08
 9.8609253537308439e-01  0.0000000000000000e+00  0.0000000000000000e+00  9.8592512145277167e-01  9.9983022493903262e-01  2.9576536797773384e-08
 9.8445794866572867e-01  0.0000000000000000e+00  0.0000000000000000e+00  9.8429530927247044e-01  9.9983479295029465e-01  2.9576640717079917e-08
 9.8279889657397079e-01  0.0000000000000000e+00  0.0000000000000000e+00  9.8264122692453726e-01  9.9983957079115271e-01  2.9576749409627036e-08
 9.8113435531361448e-01  0.0000000000000000e+00  0.0000000000000000e+00  9.8098216027931584e-01  9.9984487849857240e-01  2.9576870155972484e-08
 9.7948569292304044e-01  0.0000000000000000e+00  0.0000000000000000e+00  9.7933948280433636e-01  9.9985072766273131e-01  2.9577003219689551e-08
 9.7788135524594888e-01  0.0000000000000000e+00  0.0000000000000000e+00  9.7774160306885372e-01  9.9985708677607443e-01  2.9577147883905084e-08
 9.7634903999041556e-01  0.0000000000000000e+00  0.0000000000000000e+00  9.7621621695598970e-01  9.9986395947659568e-01  2.9577304231272098e-08
 9.7492089146024907e-01  0.0000000000000000e+00  0.0000000000000000e+00  9.7479556389155519e-01  9.9987144847362330e-01  2.9577474598200012e-08
 9.7362337812747002e-01  0.0000000000000000e+00  0.0000000000000000e+00  9.7350648624069336e-01  9.9987994137219549e-01  2.9577667802097093e-08
 9.7248343868647258e-01  0.0000000000000000e+00  0.0000000000000000e+00  9.7237613148534952e-01  9.9988965652590667e-01  2.9577888809945500e-08
 9.7152294262179506e-01  0.0000000000000000e+00  0.0000000000000000e+00  9.7142639132975606e-01  9.9990061861866253e-01  2.9578138182875094e-08
 9.7076107286546931e-01  0.0000000000000000e+00  0.0000000000000000e+00  9.7067603760590437e-01  9.9991240351313881e-01  2.9578406271957797e-08
 9.7021369675539015e-01  0.0000000000000000e+00  0.0000000000000000e+00  9.7014047698952999e-01  9.9992453233127421e-01  2.9578682183194100e-08
 9.6989649582086290e-01  0.0000000000000000e+00  0.0000000000000000e+00  9.6983505877572029e-01  9.9993665608092497e-01  2.9578957977502669e-08
 9.6982230291933746e-01  0.0000000000000000e+00  0.0000000000000000e+00  9.6977249438687085e-01  9.9994864158896279e-01  2.9579230625454227e-08
 9.7000880095385089e-01  0.0000000000000000e+00  0.0000000000000000e+00  9.6997029128327394e-01  9.9996029966889066e-01  2.9579495823501127e-08
 9.7047870136428249e-01  0.0000000000000000e+00  0.0000000000000000e+00  9.7045092601068739e-01  9.9997137973913719e-01  2.9579747871586840e-08
 9.7126039414300946e-01  0.0000000000000000e+00  0.0000000000000000e+00  9.7124248840234018e-01  9.9998156442826558e-01  2.9579979550453239e-08
 9.7239249545669526e-01  0.0000000000000000e+00  0.0000000000000000e+00  9.7238309929521538e-01  9.9999033706911189e-01  2.9580179107463234e-08
 9.7392670060090125e-01  0.0000000000000000e+00  0.0000000000000000e+00  9.7392366665713725e-01  9.9999688483356919e-01  2.9580328053196762e-08
 9.7592770032533693e-01  0.0000000000000000e+00  0.0000000000000000e+00  9.7592782155225799e-01  1.0000001242171128e+00  2.9580401741126737e-08
 9.7847307799822147e-01  0.0000000000000000e+00  0.0000000000000000e+00  9.7847205866038522e-01  9.9999895823619589e-01  2.9580375217970206e-08
 9.8165229563182665e-01  0.0000000000000000e+00  0.0000000000000000e+00  9.8164561059221522e-01  9.9999319001275599e-01  2.9580244005058222e-08
 9.8556570637587548e-01  0.0000000000000000e+00  0.0000000000000000e+00  9.8554885984990759e-01  9.9998290674497026e-01  2.9580010085066150e-08
 9.9031506363696753e-01  0.0000000000000000e+00  0.0000000000000000e+00  9.9027955405532775e-01  9.9996414314702109e-01  2.9579583254626528e-08
 9.9598895181733693e-01  0.0000000000000000e+00  0.0000000000000000e+00  9.9591701439114100e-01  9.9992777286729484e-01  2.9578755899935946e-08
 1.0026342996403859e+00  0.0000000000000000e+00  0.0000000000000000e+00  1.0024948764646839e+00  9.9986094314173002e-01  2.9577235612601719e-08
 1.0102043274960333e+00  0.0000000000000000e+00  0.0000000000000000e+00  1.0099547641620741e+00  9.9975295756792337e-01  2.9574778979962953e-08
 1.0185243561554265e+00  0.0000000000000000e+00  0.0000000000000000e+00  1.0181220766985333e+00  9.9960503697878045e-01  2.9571413630599413e-08
 1.0272630935415143e+00  0.0000000000000000e+00  0.0000000000000000e+00  1.0266904762394800e+00  9.9944257969975347e-01  2.9567717276956874e-08
 1.0359664753093940e+00  0.0000000000000000e+00  0.0000000000000000e+00  1.0352525936579680e+00  9.9931090274787837e-01  2.9564721046581499e-08
 1.0441804621459234e+00  0.0000000000000000e+00  0.0000000000000000e+00  1.0433589164663490e+00  9.9921321485187931e-01  2.9562498092734666e-08
 1.0515101521991588e+00  0.0000000000000000e+00  0.0000000000000000e+00  1.0506046042730113e+00  9.9913881199886345e-01  2.9560804934774390e-08
 1.0576978083788706e+00  0.0000000000000000e+00  0.0000000000000000e+00  1.0567206716187538e+00  9.9907616641315133e-01  2.9559379284983870e-08
 9.9507384274183908e-01  0.0000000000000000e+00  0.0000000000000000e+00  9.9487742036608873e-01  9.9980260522655384e-01  2.9575908462226875e-08
 9.9645510458599085e-01  0.0000000000000000e+00  0.0000000000000000e+00  9.9625312876164196e-01  9.9979730564536307e-01  2.9575787898266424e-08
 9.9781948844448687e-01  0.0000000000000000e+00  0.0000000000000000e+00  9.9761155666359436e-01  9.9979161383065751e-01  2.9575658410758996e-08
 9.9917261773355104e-01  0.0000000000000000e+00  0.0000000000000000e+00  9.9895827746294064e-01  9.9978548224120034e-01  2.9575518918073205e-08
 1.0005176643778906e+00  0.0000000000000000e+00  0.0000000000000000e+00  1.0002963550194441e+00  9.9977880514625017e-01  2.9575367014750595e-08
 1.0018572112339874e+00  0.0000000000000000e+00  0.0000000000000000e+00  1.0016283015876477e+00  9.9977151469912828e-01  2.9575201157156213e-08
 1.0031910087721558e+00  0.0000000000000000e+00  0.0000000000000000e+00  1.0029537280143839e+00  9.9976347399877297e-01  2.9575018230626165e-08
 1.0045181130753222e+00  0.0000000000000000e+00  0.0000000000000000e+00  1.0042714967095707e+00  9.9975449286325335e-01  2.9574813908279804e-08
 1.0058363789409530e+00  0.0000000000000000e+00  0.0000000000000000e+00  1.0055791246490158e+00  9.9974423842950699e-01  2.9574580617092030e-08
 1.0071444560998137e+00  0.0000000000000000e+00  0.0000000000000000e+00  1.0068748519658359e+00  9.9973230837707061e-01  2.9574309203652724e-08
 2.4209216646221081e-322  2.4703282292062327e-322  5.1876892813330887e-322  5.2370958459172134e-322  5.5829417980060859e-322  0.0000000000000000e+00
 5.2370958459172134e-322  5.2865024105013380e-322  5.2865024105013380e-322  5.3359089750854627e-322  5.6323483625902106e-322  0.0000000000000000e+00
 5.3359089750854627e-322  5.3853155396695873e-322  5.3853155396695873e-322  5.4347221042537120e-322  5.6817549271743353e-322  0.0000000000000000e+00
 5.4347221042537120e-322  5.4841286688378366e-322  5.4841286688378366e-322  5.5335352334219613e-322  5.7311614917584599e-322  0.0000000000000000e+00
 5.5335352334219613e-322  5.5829417980060859e-322  5.5829417980060859e-322  5.6323483625902106e-322  5.7805680563425846e-322  6.9261263292187159e-310
 5.6323483625902106e-322  5.6817549271743353e-322  5.6817549271743353e-322  5.7311614917584599e-322  6.9261506683082246e-310  0.0000000000000000e+00
 5.7311614917584599e-322  5.7805680563425846e-322  5.7805680563425846e-322  5.8299746209267092e-322  3.2460112931769898e-321  6.9261263292661462e-310
 5.8299746209267092e-322  5.8793811855108339e-322  5.8793811855108339e-322  5.9287877500949585e-322  6.9261506690667142e-310  0.0000000000000000e+00
 5.9287877500949585e-322  5.9781943146790832e-322  5.9781943146790832e-322  6.0276008792632078e-322  6.9261506690667142e-310  0.0000000000000000e+00
 6.0276008792632078e-322  6.0770074438473325e-322  6.0770074438473325e-322  6.1264140084314571e-322  6.0276008792632078e-322  0.0000000000000000e+00
 6.1264140084314571e-322  6.1758205730155818e-322  6.1758205730155818e-322  6.2252271375997065e-322  6.0770074438473325e-322  0.0000000000000000e+00
 6.2252271375997065e-322  6.2746337021838311e-322  6.2746337021838311e-322  6.3240402667679558e-322  6.1264140084314571e-322  0.0000000000000000e+00
 6.3240402667679558e-322  6.3734468313520804e-322  6.3734468313520804e-322  6.4228533959362051e-322  6.1758205730155818e-322  0.0000000000000000e+00
 6.4228533959362051e-322  6.4722599605203297e-322  6.4722599605203297e-322  6.5216665251044544e-322  6.2252271375997065e-322  0.0000000000000000e+00
 6.5216665251044544e-322  6.5710730896885790e-322  6.5710730896885790e-322  6.6204796542727037e-322  6.2746337021838311e-322  0.0000000000000000e+00
 6.6204796542727037e-322  6.6698862188568283e-322  6.6698862188568283e-322  6.7192927834409530e-322  6.3240402667679558e-322  0.0000000000000000e+00
 6.7192927834409530e-322  6.7686993480250777e-322  6.7686993480250777e-322  6.8181059126092023e-322  6.3734468313520804e-322  0.0000000000000000e+00
 6.8181059126092023e-322  6.8675124771933270e-322  6.8675124771933270e-322  6.9169190417774516e-322  6.4228533959362051e-322  0.0000000000000000e+00
 6.9169190417774516e-322  6.9663256063615763e-322  6.9663256063615763e-322  7.0157321709457009e-322  6.4722599605203297e-322  0.0000000000000000e+00
 7.0157321709457009e-322  7.0651387355298256e-322  7.0651387355298256e-322  7.1145453001139502e-322  6.5216665251044544e-322  0.0000000000000000e+00
 7.1145453001139502e-322  7.1639518646980749e-322  7.1639518646980749e-322  7.2133584292821995e-322  6.5710730896885790e-322  0.0000000000000000e+00
 7.2133584292821995e-322  7.2627649938663242e-322  7.2627649938663242e-322  7.3121715584504489e-322  6.6204796542727037e-322  0.0000000000000000e+00
 7.3121715584504489e-322  7.3615781230345735e-322  7.3615781230345735e-322  7.4109846876186982e-322  6.6698862188568283e-322  0.0000000000000000e+00
 7.4109846876186982e-322  7.4603912522028228e-322  7.4603912522028228e-322  7.5097978167869475e-322  6.7192927834409530e-322  3.9525251667299724e-323
 7.5097978167869475e-322  7.5592043813710721e-322  7.5592043813710721e-322  7.6086109459551968e-322  6.7686993480250777e-322  0.0000000000000000e+00
 7.6086109459551968e-322  7.6580175105393214e-322  7.6580175105393214e-322  7.7074240751234461e-322  6.8181059126092023e-322  0.0000000000000000e+00
 7.7074240751234461e-322  7.7568306397075707e-322  7.7568306397075707e-322  7.8062372042916954e-322  6.8675124771933270e-322  0.0000000000000000e+00
 7.8062372042916954e-322  7.8556437688758201e-322  7.8556437688758201e-322  7.9050503334599447e-322  6.9169190417774516e-322  0.0000000000000000e+00
 7.9050503334599447e-322  7.9544568980440694e-322  7.9544568980440694e-322  8.0038634626281940e-322  6.9663256063615763e-322  0.0000000000000000e+00
 8.0038634626281940e-322  8.0532700272123187e-322  8.0532700272123187e-322  8.1026765917964433e-322  7.0157321709457009e-322  0.0000000000000000e+00
 8.1026765917964433e-322  8.1520831563805680e-322  8.1520831563805680e-322  8.2014897209646926e-322  7.0651387355298256e-322  0.0000000000000000e+00
 8.2014897209646926e-322  8.2508962855488173e-322  8.2508962855488173e-322  8.3003028501329419e-322  7.1145453001139502e-322  0.0000000000000000e+00
 2.4703282292062327e-322  2.5197347937903574e-322  2.5197347937903574e-322  2.5691413583744820e-322  7.1639518646980749e-322  0.0000000000000000e+00
 2.5691413583744820e-322  2.6185479229586067e-322  2.6185479229586067e-322  2.6679544875427313e-322  7.2133584292821995e-322  0.0000000000000000e+00
 2.6679544875427313e-322  2.7173610521268560e-322  2.7173610521268560e-322  2.7667676167109806e-322  7.2627649938663242e-322  0.0000000000000000e+00
 2.7667676167109806e-322  2.8161741812951053e-322  2.8161741812951053e-322  2.8655807458792300e-322  7.3121715584504489e-322  0.0000000000000000e+00
 2.8655807458792300e-322  2.9149873104633546e-322  2.9149873104633546e-322  2.9643938750474793e-322  7.3615781230345735e-322  0.0000000000000000e+00
 2.9643938750474793e-322  3.0138004396316039e-322  3.0138004396316039e-322  3.0632070042157286e-322  7.4109846876186982e-322  0.0000000000000000e+00
 3.0632070042157286e-322  3.1126135687998532e-322  3.1126135687998532e-322  3.1620201333839779e-322  7.4603912522028228e-322  0.0000000000000000e+00
 3.1620201333839779e-322  3.2114266979681025e-322  3.2114266979681025e-322  3.2608332625522272e-322  7.5097978167869475e-322  0.0000000000000000e+00
 3.2608332625522272e-322  3.3102398271363518e-322  3.3102398271363518e-322  3.3596463917204765e-322  7.5592043813710721e-322  0.0000000000000000e+00
 3.3596463917204765e-322  3.4090529563046012e-322  3.4090529563046012e-322  3.4584595208887258e-322  7.6086109459551968e-322  0.0000000000000000e+00
 3.4584595208887258e-322  3.5078660854728505e-322  3.5078660854728505e-322  3.5572726500569751e-322  7.6580175105393214e-322  0.0000000000000000e+00
 3.5572726500569751e-322  3.6066792146410998e-322  3.6066792146410998e-322  3.6560857792252244e-322  7.7074240751234461e-322  0.0000000000000000e+00
 3.6560857792252244e-322  3.7054923438093491e-322  3.7054923438093491e-322  3.7548989083934737e-322  7.7568306397075707e-322  0.0000000000000000e+00
 3.7548989083934737e-322  3.8043054729775984e-322  3.8043054729775984e-322  3.8537120375617230e-322  7.8062372042916954e-322  0.0000000000000000e+00
 3.8537120375617230e-322  3.9031186021458477e-322  3.9031186021458477e-322  3.9525251667299724e-322  7.8556437688758201e-322  0.0000000000000000e+00
 3.9525251667299724e-322  4.0019317313140970e-322  4.0019317313140970e-322  4.0513382958982217e-322  7.9050503334599447e-322  0.0000000000000000e+00
 4.0513382958982217e-322  4.1007448604823463e-322  4.1007448604823463e-322  4.1501514250664710e-322  7.9544568980440694e-322  0.0000000000000000e+00
 4.1501514250664710e-322  4.1995579896505956e-322  4.1995579896505956e-322  4.2489645542347203e-322  8.0038634626281940e-322  0.0000000000000000e+00
 4.2489645542347203e-322  4.2983711188188449e-322  4.2983711188188449e-322  4.3477776834029696e-322  8.0532700272123187e-322  0.0000000000000000e+00
 4.3477776834029696e-322  4.3971842479870942e-322  4.3971842479870942e-322  4.4465908125712189e-322  8.1026765917964433e-322  0.0000000000000000e+00
 4.4465908125712189e-322  4.4959973771553436e-322  4.4959973771553436e-322  4.5454039417394682e-322  8.1520831563805680e-322  0.0000000000000000e+00
 4.5454039417394682e-322  4.5948105063235929e-322  4.5948105063235929e-322  4.6442170709077175e-322  8.2014897209646926e-322  0.0000000000000000e+00
 4.6442170709077175e-322  4.6936236354918422e-322  4.6936236354918422e-322  4.7430302000759668e-322  8.2508962855488173e-322  0.0000000000000000e+00
 4.7430302000759668e-322  4.7924367646600915e-322  4.7924367646600915e-322  4.8418433292442161e-322  8.3003028501329419e-322  1.9559473945130275e-316
 4.8418433292442161e-322  4.8912498938283408e-322  4.8912498938283408e-322  4.9406564584124654e-322  8.3497094147170666e-322  0.0000000000000000e+00
 4.9406564584124654e-322  4.9900630229965901e-322  4.9900630229965901e-322  5.0394695875807148e-322  8.3991159793011913e-322  0.0000000000000000e+00
 5.0394695875807148e-322  5.0888761521648394e-322  5.0888761521648394e-322  5.1382827167489641e-322  8.4485225438853159e-322  4.9406564584124654e-324
 5.1382827167489641e-322  5.1876892813330887e-322  8.3003028501329419e-322  8.3497094147170666e-322  8.4979291084694406e-322  2.4703282292062327e-323
 8.3497094147170666e-322  8.3991159793011913e-322  8.3991159793011913e-322  8.4485225438853159e-322  8.5473356730535652e-322  0.0000000000000000e+00
 8.4485225438853159e-322  8.4979291084694406e-322  8.4979291084694406e-322  8.5473356730535652e-322  8.5967422376376899e-322  0.0000000000000000e+00
 8.5473356730535652e-322  8.5967422376376899e-322  8.5967422376376899e-322  8.6461488022218145e-322  8.6461488022218145e-322  0.0000000000000000e+00
