#               DENSITY,             MOMENTUM-X,             MOMENTUM-Y,                 ENERGY
 1.0164000442646250e+00  0.0000000000000000e+00  0.0000000000000000e+00  2.5425918138718764e+00
 1.0084396280202192e+00  0.0000000000000000e+00  0.0000000000000000e+00  2.5203876149269506e+00
 1.0097276315110344e+00  0.0000000000000000e+00  0.0000000000000000e+00  2.5235568910339294e+00
 1.0110076825008851e+00  0.0000000000000000e+00  0.0000000000000000e+00  2.5266673934212975e+00
 1.0123238433190989e+00  0.0000000000000000e+00  0.0000000000000000e+00  2.5297675819948582e+00
 1.0136605482033192e+00  0.0000000000000000e+00  0.0000000000000000e+00  2.5326999778556396e+00
 1.0154228047554279e+00  0.0000000000000000e+00  0.0000000000000000e+00  2.5364484106449692e+00
 1.0160095907374993e+00  0.0000000000000000e+00  0.0000000000000000e+00  2.5378472656294360e+00
 1.0045178931162879e+00  0.0000000000000000e+00  0.0000000000000000e+00  2.5106781934195728e+00
 1.0031908023966896e+00  0.0000000000000000e+00  0.0000000000000000e+00  2.5073838053953916e+00
 1.0018570171386965e+00  0.0000000000000000e+00  0.0000000000000000e+00  2.5040702698651245e+00
 1.0005174810330286e+00  0.0000000000000000e+00  0.0000000000000000e+00  2.5007404301954397e+00
 9.9917244381921488e-01  0.0000000000000000e+00  0.0000000000000000e+00  2.4973952597838633e+00
 9.9781932266616646e-01  0.0000000000000000e+00  0.0000000000000000e+00  2.4940284780468369e+00
 9.9645494573659132e-01  0.0000000000000000e+00  0.0000000000000000e+00  2.4906324255583976e+00
 9.9507368969590082e-01  0.0000000000000000e+00  0.0000000000000000e+00  2.4871931690261007e+00
 9.9366924526612344e-01  0.0000000000000000e+00  0.0000000000000000e+00  2.4836951115011106e+00
 9.9223443981943904e-01  0.0000000000000000e+00  0.0000000000000000e+00  2.4801204854415677e+00
 9.9076314448596181e-01  0.0000000000000000e+00  0.0000000000000000e+00  2.4764542542969528e+00
 9.8924946939162661e-01  0.0000000000000000e+00  0.0000000000000000e+00  2.4726817708198698e+00
 9.8769239825352095e-01  0.0000000000000000e+00  0.0000000000000000e+00  2.4688007997172514e+00
 9.8609253537308439e-01  0.0000000000000000e+00  0.0000000000000000e+00  2.4648128036319297e+00
 9.8445794866572867e-01  0.0000000000000000e+00  0.0000000000000000e+00  2.4607382731811764e+00
 9.8279889657397079e-01  0.0000000000000000e+00  0.0000000000000000e+00  2.4566030673113435e+00
 9.8113435531361448e-01  0.0000000000000000e+00  0.0000000000000000e+00  2.4524554006982902e+00
 9.7948569292304044e-01  0.0000000000000000e+00  0.0000000000000000e+00  2.4483487070108416e+00
 9.7788135524594888e-01  0.0000000000000000e+00  0.0000000000000000e+00  2.4443540076721351e+00
 9.7634903999041556e-01  0.0000000000000000e+00  0.0000000000000000e+00  2.4405405423899746e+00
 9.7492089146024907e-01  0.0000000000000000e+00  0.0000000000000000e+00  2.4369889097288882e+00
 9.7362337812747002e-01  0.0000000000000000e+00  0.0000000000000000e+00  2.4337662156017341e+00
 9.7248343868647258e-01  0.0000000000000000e+00  0.0000000000000000e+00  2.4309403287133740e+00
 9.7152294262179506e-01  0.0000000000000000e+00  0.0000000000000000e+00  2.4285659783243907e+00
 9.7076107286546931e-01  0.0000000000000000e+00  0.0000000000000000e+00  2.4266900940147615e+00
 9.7021369675539015e-01  0.0000000000000000e+00  0.0000000000000000e+00  2.4253511924738254e+00
 9.6989649582086290e-01  0.0000000000000000e+00  0.0000000000000000e+00  2.4245876469393011e+00
 9.6982230291933746e-01  0.0000000000000000e+00  0.0000000000000000e+00  2.4244312359671776e+00
 9.7000880095385089e-01  0.0000000000000000e+00  0.0000000000000000e+00  2.4249257282081853e+00
 9.7047870136428249e-01  0.0000000000000000e+00  0.0000000000000000e+00  2.4261273150267191e+00
 9.7126039414300946e-01  0.0000000000000000e+00  0.0000000000000000e+00  2.4281062210058511e+00
 9.7239249545669526e-01  0.0000000000000000e+00  0.0000000000000000e+00  2.4309577482380389e+00
 9.7392670060090125e-01  0.0000000000000000e+00  0.0000000000000000e+00  2.4348091666428440e+00
 9.7592770032533693e-01  0.0000000000000000e+00  0.0000000000000000e+00  2.4398195538806458e+00
 9.7847307799822147e-01  0.0000000000000000e+00  0.0000000000000000e+00  2.4461801466509638e+00
 9.8165229563182665e-01  0.0000000000000000e+00  0.0000000000000000e+00  2.4541140264805383e+00
 9.8556570637587548e-01  0.0000000000000000e+00  0.0000000000000000e+00  2.4638721496247697e+00
 9.9031506363696753e-01  0.0000000000000000e+00  0.0000000000000000e+00  2.4756988851383199e+00
 9.9598895181733693e-01  0.0000000000000000e+00  0.0000000000000000e+00  2.4897925359778528e+00
 1.0026342996403859e+00  0.0000000000000000e+00  0.0000000000000000e+00  2.5062371911617105e+00
 1.0102043274960333e+00  0.0000000000000000e+00  0.0000000000000000e+00  2.5248869104051859e+00
 1.0185243561554265e+00  0.0000000000000000e+00  0.0000000000000000e+00  2.5453051917463339e+00
 1.0272630935415143e+00  0.0000000000000000e+00  0.0000000000000000e+00  2.5667261905987004e+00
 1.0359664753093940e+00  0.0000000000000000e+00  0.0000000000000000e+00  2.5881314841449203e+00
 1.0441804621459234e+00  0.0000000000000000e+00  0.0000000000000000e+00  2.6083972911658733e+00
 1.0515101521991588e+00  0.0000000000000000e+00  0.0000000000000000e+00  2.6265115106825290e+00
 1.0576978083788706e+00  0.0000000000000000e+00  0.0000000000000000e+00  2.6418016790468850e+00
 9.9507384274183908e-01  0.0000000000000000e+00  0.0000000000000000e+00  2.4871935509152223e+00
 9.9645510458599085e-01  0.0000000000000000e+00  0.0000000000000000e+00  2.4906328219041054e+00
 9.9781948844448687e-01  0.0000000000000000e+00  0.0000000000000000e+00  2.4940288916589868e+00
 9.9917261773355104e-01  0.0000000000000000e+00  0.0000000000000000e+00  2.4973956936573520e+00
 1.0005176643778906e+00  0.0000000000000000e+00  0.0000000000000000e+00  2.5007408875486110e+00
 1.0018572112339874e+00  0.0000000000000000e+00  0.0000000000000000e+00  2.5040707539691200e+00
 1.0031910087721558e+00  0.0000000000000000e+00  0.0000000000000000e+00  2.5073843200359600e+00
 1.0045181130753222e+00  0.0000000000000000e+00  0.0000000000000000e+00  2.5106787417739276e+00
 1.0058363789409530e+00  0.0000000000000000e+00  0.0000000000000000e+00  2.5139478116225402e+00
 1.0071444560998137e+00  0.0000000000000000e+00  0.0000000000000000e+00  2.5171871299145900e+00
 2.4703282292062327e-322  2.5197347937903574e-322  2.5691413583744820e-322  2.6185479229586067e-322
 2.6679544875427313e-322  2.7173610521268560e-322  2.7667676167109806e-322  2.8161741812951053e-322
 2.8655807458792300e-322  2.9149873104633546e-322  2.9643938750474793e-322  3.0138004396316039e-322
 3.0632070042157286e-322  3.1126135687998532e-322  3.1620201333839779e-322  3.2114266979681025e-322
 3.2608332625522272e-322  3.3102398271363518e-322  3.3596463917204765e-322  3.4090529563046012e-322
 3.4584595208887258e-322  3.5078660854728505e-322  3.5572726500569751e-322  3.6066792146410998e-322
 3.6560857792252244e-322  3.7054923438093491e-322  3.7548989083934737e-322  3.8043054729775984e-322
 3.8537120375617230e-322  3.9031186021458477e-322  3.9525251667299724e-322  4.0019317313140970e-322
 4.0513382958982217e-322  4.1007448604823463e-322  4.1501514250664710e-322  4.1995579896505956e-322
 4.2489645542347203e-322  4.2983711188188449e-322  4.3477776834029696e-322  4.3971842479870942e-322
 4.4465908125712189e-322  4.4959973771553436e-322  4.5454039417394682e-322  4.5948105063235929e-322
 4.6442170709077175e-322  4.6936236354918422e-322  4.7430302000759668e-322  4.7924367646600915e-322
 4.8418433292442161e-322  4.8912498938283408e-322  4.9406564584124654e-322  4.9900630229965901e-322
 5.0394695875807148e-322  5.0888761521648394e-322  5.1382827167489641e-322  5.1876892813330887e-322
 5.2370958459172134e-322  5.2865024105013380e-322  5.3359089750854627e-322  5.3853155396695873e-322
 5.4347221042537120e-322  5.4841286688378366e-322  5.5335352334219613e-322  5.5829417980060859e-322
 5.6323483625902106e-322  5.6817549271743353e-322  5.7311614917584599e-322  5.7805680563425846e-322
 5.8299746209267092e-322  5.8793811855108339e-322  5.9287877500949585e-322  5.9781943146790832e-322
 6.0276008792632078e-322  6.0770074438473325e-322  6.1264140084314571e-322  6.1758205730155818e-322
 6.2252271375997065e-322  6.2746337021838311e-322  6.3240402667679558e-322  6.3734468313520804e-322
 6.4228533959362051e-322  6.4722599605203297e-322  6.5216665251044544e-322  6.5710730896885790e-322
 6.6204796542727037e-322  6.6698862188568283e-322  6.7192927834409530e-322  6.7686993480250777e-322
 6.8181059126092023e-322  6.8675124771933270e-322  6.9169190417774516e-322  6.9663256063615763e-322
 7.0157321709457009e-322  7.0651387355298256e-322  7.1145453001139502e-322  7.1639518646980749e-322
 7.2133584292821995e-322  7.2627649938663242e-322  7.3121715584504489e-322  7.3615781230345735e-322
 7.4109846876186982e-322  7.4603912522028228e-322  7.5097978167869475e-322  7.5592043813710721e-322
 7.6086109459551968e-322  7.6580175105393214e-322  7.7074240751234461e-322  7.7568306397075707e-322
 7.8062372042916954e-322  7.8556437688758201e-322  7.9050503334599447e-322  7.9544568980440694e-322
 8.0038634626281940e-322  8.0532700272123187e-322  8.1026765917964433e-322  8.1520831563805680e-322
 8.2014897209646926e-322  8.2508962855488173e-322  8.3003028501329419e-322  8.3497094147170666e-322
 8.3991159793011913e-322  8.4485225438853159e-322  8.4979291084694406e-322  8.5473356730535652e-322
 8.5967422376376899e-322  8.6461488022218145e-322  1.5335797646912293e-320  5.1382827167489641e-321
 0.0000000000000000e+00  4.9406564584124654e-324  9.8813129168249309e-324  1.4821969375237396e-323
 1.9762625833649862e-323  2.4703282292062327e-323  2.9643938750474793e-323  3.4584595208887258e-323
 3.9525251667299724e-323  4.4465908125712189e-323  4.9406564584124654e-323  5.4347221042537120e-323
 5.9287877500949585e-323  6.4228533959362051e-323  6.9169190417774516e-323  7.4109846876186982e-323
 7.9050503334599447e-323  8.3991159793011913e-323  8.8931816251424378e-323  9.3872472709836843e-323
 9.8813129168249309e-323  1.0375378562666177e-322  1.0869444208507424e-322  1.1363509854348671e-322
 1.1857575500189917e-322  1.2351641146031164e-322  1.2845706791872410e-322  1.3339772437713657e-322
 1.3833838083554903e-322  1.4327903729396150e-322  1.4821969375237396e-322  1.5316035021078643e-322
 1.5810100666919889e-322  1.6304166312761136e-322  1.6798231958602383e-322  1.7292297604443629e-322
 1.7786363250284876e-322  1.8280428896126122e-322  1.8774494541967369e-322  1.9268560187808615e-322
 1.9762625833649862e-322  2.0256691479491108e-322  2.0750757125332355e-322  2.1244822771173601e-322
 2.1738888417014848e-322  2.2232954062856094e-322  2.2727019708697341e-322  2.3221085354538588e-322
 2.3715151000379834e-322  2.4209216646221081e-322  2.4703282292062327e-322  2.5197347937903574e-322
 2.5691413583744820e-322  2.6185479229586067e-322  2.6679544875427313e-322  2.7173610521268560e-322
 2.7667676167109806e-322  2.8161741812951053e-322  2.8655807458792300e-322  2.9149873104633546e-322
 2.9643938750474793e-322  3.0138004396316039e-322  3.0632070042157286e-322  3.1126135687998532e-322
 3.1620201333839779e-322  3.2114266979681025e-322  3.2608332625522272e-322  3.3102398271363518e-322
 3.3596463917204765e-322  3.4090529563046012e-322  3.4584595208887258e-322  3.5078660854728505e-322
 3.5572726500569751e-322  3.6066792146410998e-322  3.6560857792252244e-322  3.7054923438093491e-322
 3.7548989083934737e-322  3.8043054729775984e-322  3.8537120375617230e-322  3.9031186021458477e-322
 3.9525251667299724e-322  4.0019317313140970e-322  4.0513382958982217e-322  4.1007448604823463e-322
 4.1501514250664710e-322  4.1995579896505956e-322  4.2489645542347203e-322  4.2983711188188449e-322
 4.3477776834029696e-322  4.3971842479870942e-322  4.4465908125712189e-322  4.4959973771553436e-322
 4.5454039417394682e-322  4.5948105063235929e-322  4.6442170709077175e-322  4.6936236354918422e-322
 4.7430302000759668e-322  4.7924367646600915e-322  4.8418433292442161e-322  4.8912498938283408e-322
 4.9406564584124654e-322  4.9900630229965901e-322  5.0394695875807148e-322  5.0888761521648394e-322
 5.1382827167489641e-322  5.1876892813330887e-322  5.2370958459172134e-322  5.2865024105013380e-322
 5.3359089750854627e-322  5.3853155396695873e-322  5.4347221042537120e-322  5.4841286688378366e-322
 5.5335352334219613e-322  5.5829417980060859e-322  5.6323483625902106e-322  5.6817549271743353e-322
 5.7311614917584599e-322  5.7805680563425846e-322  5.8299746209267092e-322  5.8793811855108339e-322
 5.9287877500949585e-322  5.9781943146790832e-322  6.0276008792632078e-322  6.0770074438473325e-322
