#               DENSITY,             MOMENTUM-X,             MOMENTUM-Y,                 ENERGY
 1.0070400242303494e+00  6.9604421083753571e-03 -8.6291251233288257e-06  2.5681164039403832e+00
 1.0022261579405249e+00  8.0953097423812431e-02  1.1465709199763847e-02  2.5568806698009610e+00
 1.0029092743896426e+00  1.5774021587952466e-01  2.2116335911727399e-02  2.5613393542542742e+00
 1.0022560780416212e+00  2.1036975233559715e-01  2.9288746687528049e-02  2.5625372743854284e+00
 1.0023805461637014e+00  2.4425902422622850e-01  3.3736589638406485e-02  2.5651198998966422e+00
 1.0021653365864018e+00  2.6791506937418330e-01  3.6667751203509749e-02  2.5663582126222075e+00
 1.0019381912552086e+00  2.8634225812137498e-01  3.8785548515079600e-02  2.5672811050486666e+00
 1.0016258910878657e+00  3.0158941681921891e-01  4.0373983910698269e-02  2.5678036943694753e+00
 1.0012477965978710e+00  3.1439367511097394e-01  4.1534087791512110e-02  2.5679967326609106e+00
 1.0007885999013739e+00  3.2532508207500466e-01  4.2342354824296123e-02  2.5678532045435665e+00
 1.0002597790982664e+00  3.3476578664042289e-01  4.2849078691897496e-02  2.5674179106405384e+00
 9.9966800849369764e-01  3.4307623072285665e-01  4.3100520090221035e-02  2.5667359659564482e+00
 9.9902213130711404e-01  3.5048507211634089e-01  4.3124974162640509e-02  2.5658405753116371e+00
 9.9832717158112083e-01  3.5719562772780117e-01  4.2946510774072591e-02  2.5647644668299145e+00
 9.9758820384331404e-01  3.6333879780732581e-01  4.2578910996827118e-02  2.5635262964116121e+00
 9.9680655262366880e-01  3.6904169724167191e-01  4.2033522219716811e-02  2.5621443095757757e+00
 9.9598383299040716e-01  3.7438380728462933e-01  4.1313092309562427e-02  2.5606252452253346e+00
 9.9511890042207052e-01  3.7946193165527281e-01  4.0418007886958152e-02  2.5589801339295462e+00
 9.9420986813785706e-01  3.8432039817525543e-01  3.9337052109852944e-02  2.5572029402941827e+00
 9.9325398672255250e-01  3.8904624062286403e-01  3.8056265360710759e-02  2.5553028601563970e+00
 9.9224847041590891e-01  3.9364529925342390e-01  3.6545086838197516e-02  2.5532628510779580e+00
 9.9119078094329582e-01  3.9820336612910062e-01  3.4771987082619749e-02  2.5510974578446310e+00
 9.9008097798804129e-01  4.0268891385735561e-01  3.2686409493806363e-02  2.5487891729681067e+00
 9.8892116039661493e-01  4.0717548824187644e-01  3.0240538626602156e-02  2.5463666688519098e+00
 9.8771742508019467e-01  4.1159377919114332e-01  2.7371457870257652e-02  2.5438215435712159e+00
 9.8647884394232288e-01  4.1600308029671090e-01  2.4025981160937866e-02  2.5412031904722889e+00
 9.8521872527830689e-01  4.2027863311379882e-01  2.0143380249953879e-02  2.5385086746822592e+00
 9.8395395910264905e-01  4.2447398170846840e-01  1.5681664873417166e-02  2.5358144905598357e+00
 9.8270438371550040e-01  4.2841024445914427e-01  1.0599764251946954e-02  2.5331177461695282e+00
 9.8149083433079087e-01  4.3213893219905347e-01  4.8787337873646142e-03  2.5305125059397171e+00
 9.8033715717967629e-01  4.3547556390827297e-01 -1.4929916921923741e-03  2.5280034154119488e+00
 9.7926140846352416e-01  4.3843839371103355e-01 -8.5120888184770562e-03  2.5256695190419016e+00
 9.7828621116778991e-01  4.4092311021896929e-01 -1.6168239245528217e-02  2.5235385630588798e+00
 9.7742408717942764e-01  4.4292401423984651e-01 -2.4449488261185641e-02  2.5216664949517793e+00
 9.7668982885086542e-01  4.4431582476334602e-01 -3.3339994652739430e-02  2.5200516314939692e+00
 9.7609310763539536e-01  4.4512671828443562e-01 -4.2837787246195601e-02  2.5187523120145676e+00
 9.7564313065452535e-01  4.4519520905431959e-01 -5.2934631360888044e-02  2.5177453441632274e+00
 9.7534986917133826e-01  4.4455485627429303e-01 -6.3651629770592771e-02  2.5170913028879207e+00
 9.7522290990092164e-01  4.4304341564573119e-01 -7.4999590023759471e-02  2.5167796963089568e+00
 9.7528023706687383e-01  4.4061525809968494e-01 -8.7015947483365219e-02  2.5168698501788103e+00
 9.7554072095367284e-01  4.3714116037800499e-01 -9.9736630086853031e-02  2.5174071831027605e+00
 9.7603250560484112e-01  4.3243086254883001e-01 -1.1318887647477752e-01  2.5184413829823957e+00
 9.7679416836854183e-01  4.2629618814156306e-01 -1.2739829217714785e-01  2.5200724288028167e+00
 9.7787331205393258e-01  4.1840936376977128e-01 -1.4233615599032709e-01  2.5223793976325330e+00
 9.7933213203287528e-01  4.0852122224227111e-01 -1.5796523143189720e-01  2.5255361211111951e+00
 9.8124089135394243e-01  3.9612996921286014e-01 -1.7409586193425833e-01  2.5296479685721889e+00
 9.8368658048541802e-01  3.8091840519787501e-01 -1.9050678839732474e-01  2.5349619477595589e+00
 9.8675148960963777e-01  3.6231420349572252e-01 -2.0669477157973970e-01  2.5416047542734423e+00
 9.9051469183151930e-01  3.4000305181174884e-01 -2.2204113051654162e-01  2.5497909211454761e+00
 9.9502393316880544e-01  3.1364707737310249e-01 -2.3557586008188022e-01  2.5595847478726834e+00
 1.0002643244295424e+00  2.8335105446842773e-01 -2.4617462862808101e-01  2.5709757951349830e+00
 1.0061346939790674e+00  2.4958000979788822e-01 -2.5252827040362236e-01  2.5837159818056352e+00
 1.0124307514228130e+00  2.1343235610579039e-01 -2.5348387655419580e-01  2.5973647792131436e+00
 1.0188586817177083e+00  1.7650790517617246e-01 -2.4825687378626687e-01  2.6112683609679666e+00
 1.0250798669822416e+00  1.4075484719268352e-01 -2.3680590208770097e-01  2.6246974733081778e+00
 1.0307735934430520e+00  1.0800755474229226e-01 -2.1984273019667727e-01  2.6369538437909870e+00
 1.0357123147978333e+00  7.9649261810695302e-02 -1.9874488887826325e-01  2.6475556390383197e+00
 1.0397936147556497e+00  5.6372269487312582e-02 -1.7519858410316461e-01  2.6562930903881883e+00
 1.0430261917603252e+00  3.8198592782936747e-02 -1.5085851605971032e-01  2.6631995029748663e+00
 1.0454943226168862e+00  2.4644746458236319e-02 -1.2704932056627363e-01  2.6684652631147308e+00
 1.0473198406269912e+00  1.4966802509246858e-02 -1.0468237531802430e-01  2.6723570655103059e+00
 1.0486309567603038e+00  8.3544978172217319e-03 -8.4259429336181302e-02  2.6751519872127081e+00
 1.0495448748194656e+00  4.0606926071041459e-03 -6.5974085868693771e-02  2.6771001174040516e+00
 1.0501158058930076e+00  1.4576725632314553e-03 -4.9757874289460047e-02  2.6782984426396914e+00
 1.0504713323832500e+00 -1.0033013811825939e-05 -3.5007436758740532e-02  2.6790348824051713e+00
 1.0507888742644353e+00 -6.0670796608918668e-04 -2.0269190739951704e-02  2.6797348461547856e+00
 1.0509535025665884e+00 -2.5798963793014954e-04 -4.0566360231752748e-03  2.6801018622175774e+00
 1.0508982904004882e+00  1.4181694438731621e-03  1.4358781248675689e-02  2.6799885309099301e+00
 1.0505609981699557e+00  5.0330854121864652e-03  3.5229714305610726e-02  2.6792729856044963e+00
 1.0498264631216281e+00  1.1349127077861083e-02  5.8521361926215404e-02  2.6777120227947688e+00
 1.0485532131491846e+00  2.1238751111330785e-02  8.3886392761687939e-02  2.6750018479541868e+00
 1.0465904592888187e+00  3.5564380879214111e-02  1.1053450858032275e-01  2.6708174782324154e+00
 1.0438060165540877e+00  5.4999258231521381e-02  1.3723958631860778e-01  2.6648681458559236e+00
 1.0401202405869396e+00  7.9758662246852671e-02  1.6234546453363566e-01  2.6569712180696174e+00
 1.0355554699581921e+00  1.0942014189938795e-01  1.8408942664748162e-01  2.6471638427351363e+00
 1.0302535930236505e+00  1.4280879853107262e-01  2.0086005782364399e-01  2.6357379348605052e+00
 1.0244760419404675e+00  1.7825562242655821e-01  2.1170654421097979e-01  2.6232651862172576e+00
 1.0185403586605877e+00  2.1380776705788967e-01  2.1633377847524257e-01  2.6104168083044303e+00
 1.0127507310175501e+00  2.4780113840528947e-01  2.1528916167072354e-01  2.5978768060995168e+00
 1.0073447736459906e+00  2.7892400722257121e-01  2.0949602073613707e-01  2.5861318259802517e+00
 1.0024716061581280e+00  3.0656727383305155e-01  2.0020577080138463e-01  2.5755491011271316e+00
 9.9820496268213432e-01  3.3042567290677372e-01  1.8850292889630377e-01  2.5662488641174166e+00
 9.9454341505040156e-01  3.5070635842754533e-01  1.7539702137448679e-01  2.5582724876929168e+00
 9.9145358258217009e-01  3.6764932004360323e-01  1.6157891671552194e-01  2.5515137078181418e+00
 9.8887757116209962e-01  3.8170406886856606e-01  1.4759569056594621e-01  2.5458811950670319e+00
 9.8675646739447676e-01  3.9323488415840824e-01  1.3377224895026774e-01  2.5412241870087766e+00
 9.8502947469348801e-01  4.0264029208059510e-01  1.2032873165657736e-01  2.5374293040624130e+00
 9.8364718252310279e-01  4.1022424618828296e-01  1.0737634730380075e-01  2.5343783049668045e+00
 9.8256288285100102e-01  4.1625455075696999e-01  9.4971184639237621e-02  2.5319741667590829e+00
 9.8174445896900786e-01  4.2097426690093309e-01  8.3137141192618100e-02  2.5301510811013985e+00
 9.8116240445691516e-01  4.2453748147546605e-01  7.1866818702120305e-02  2.5288414649270896e+00
 9.8079745126495044e-01  4.2708516050238188e-01  6.1150363033113254e-02  2.5280043941369663e+00
 9.8063102933835633e-01  4.2871030725834292e-01  5.0974502610145613e-02  2.5275954423296119e+00
 9.8065255776731164e-01  4.2954540686555381e-01  4.1338330975156393e-02  2.5276079202275699e+00
 9.8085068575808632e-01  4.2961967046433264e-01  3.2237205497805788e-02  2.5280034355534227e+00
 9.8121332665672545e-01  4.2899374180222605e-01  2.3680586904517034e-02  2.5287553555449827e+00
 9.8172845399461428e-01  4.2771720152130938e-01  1.5683953747159758e-02  2.5298335550161255e+00
 9.8238392830696741e-01  4.2588792827707095e-01  8.2684640018417833e-03  2.5312249653443866e+00
 9.8316220449226566e-01  4.2354068298195363e-01  1.4520362105371180e-03  2.5328805177963081e+00
 9.8404241321742070e-01  4.2073924074544777e-01 -4.7499984986733371e-03  2.5347528678405173e+00
 9.8500476770342982e-01  4.1756494770155589e-01 -1.0331461806365929e-02  2.5368008750787894e+00
 9.8602521615479999e-01  4.1411488217413855e-01 -1.5298936213776931e-02  2.5389792815274230e+00
 9.8708183133813165e-01  4.1043211324978862e-01 -1.9671475815447023e-02  2.5412296464926896e+00
 9.8815141701836073e-01  4.0656411954055310e-01 -2.3480818799270834e-02  2.5434958586246590e+00
 9.8921743290612185e-01  4.0257099369610305e-01 -2.6771452572821326e-02  2.5457433630673183e+00
 9.9026405573634957e-01  3.9850780874777170e-01 -2.9596786992258428e-02  2.5479430703624391e+00
 9.9128236778288314e-01  3.9438408604169684e-01 -3.2012319911559055e-02  2.5500686671482100e+00
 9.9226303727233800e-01  3.9019322801686102e-01 -3.4072515226530584e-02  2.5520946555578758e+00
 9.9320437958999763e-01  3.8593759908583536e-01 -3.5829535138884365e-02  2.5540182909611531e+00
 9.9410392459234731e-01  3.8159941502100625e-01 -3.7327816682570049e-02  2.5558346191723906e+00
 9.9496422801105555e-01  3.7713745876268329e-01 -3.8601854146465081e-02  2.5575427476816870e+00
 9.9578530886774130e-01  3.7249225449046847e-01 -3.9675637231229861e-02  2.5591366723556650e+00
 9.9657070102341072e-01  3.6762037538342068e-01 -4.0566761649290614e-02  2.5606208898503104e+00
 9.9732030902793001e-01  3.6245665206703698e-01 -4.1283495225119746e-02  2.5619920156076343e+00
 9.9803632112258212e-01  3.5693333408731687e-01 -4.1828282110117757e-02  2.5632476641448370e+00
 9.9871501517324046e-01  3.5094365685828494e-01 -4.2194829718498278e-02  2.5643700877744067e+00
 9.9935628297937096e-01  3.4439475017302429e-01 -4.2375617056099615e-02  2.5653516432754970e+00
 9.9995259750709276e-01  3.3712717341908127e-01 -4.2353158912574143e-02  2.5661631067100581e+00
 1.0005011469562159e+00  3.2897736466032307e-01 -4.2108200248045090e-02  2.5667843979003502e+00
 1.0009892709786590e+00  3.1966621641669246e-01 -4.1605859192375694e-02  2.5671654263810093e+00
 1.0014153648686253e+00  3.0890498066245831e-01 -4.0809021526627243e-02  2.5672838071981654e+00
 1.0017618029374840e+00  2.9624222309121728e-01 -3.9658199751388748e-02  2.5670735383427199e+00
 1.0020514118455901e+00  2.8121197586775265e-01 -3.8090696239060695e-02  2.5665723931972524e+00
 1.0022561165586963e+00  2.6296490475401507e-01 -3.5990319533808858e-02  2.5656792469607446e+00
 1.0024553892158252e+00  2.3955418180701255e-01 -3.3086835486845843e-02  2.5645081976899688e+00
 1.0023216780989883e+00  2.0589956026758352e-01 -2.8666469077505891e-02  2.5620318936255653e+00
 1.0029733845364686e+00  1.5373616678751811e-01 -2.1555185502392424e-02  2.5610119001794875e+00
 1.0023188182474059e+00  7.8311353824426791e-02 -1.1091004273120382e-02  2.5568666402163727e+00
