#               DENSITY,             VELOCITY-X,             VELOCITY-Y,               PRESSURE,            TEMPERATURE,              VISCOSITY
 1.0152448898058184e+00  0.0000000000000000e+00  0.0000000000000000e+00  1.0159952017116773e+00  1.0007390452425746e+00  2.9597207324356987e-08
 1.0093818008518969e+00  0.0000000000000000e+00  0.0000000000000000e+00  1.0090894677825346e+00  9.9971038404980628e-01  2.9573810412374774e-08
 1.0103610044504501e+00  0.0000000000000000e+00  0.0000000000000000e+00  1.0100493270623512e+00  9.9969151878712081e-01  2.9573381212345355e-08
 1.0113711484540249e+00  0.0000000000000000e+00  0.0000000000000000e+00  1.0110263153216286e+00  9.9965904392969551e-01  2.9572642373762789e-08
 1.0124854589886678e+00  0.0000000000000000e+00  0.0000000000000000e+00  1.0120652871944740e+00  9.9958500955202523e-01  2.9570957966897437e-08
 1.0136466134562432e+00  0.0000000000000000e+00  0.0000000000000000e+00  1.0130580337033679e+00  9.9941934423194267e-01  2.9567188581726042e-08
 1.0153985057193191e+00  0.0000000000000000e+00  0.0000000000000000e+00  1.0145328599288101e+00  9.9914748171714562e-01  2.9561002231475784e-08
 1.0156795081761525e+00  0.0000000000000000e+00  0.0000000000000000e+00  1.0148036129793210e+00  9.9913762639712578e-01  2.9560777953981508e-08
 1.0033007515830068e+00  0.0000000000000000e+00  0.0000000000000000e+00  1.0030623034237549e+00  9.9976233630955080e-01  2.9574992348054076e-08
 1.0016177573058564e+00  0.0000000000000000e+00  0.0000000000000000e+00  1.0013870513630572e+00  9.9976966668061107e-01  2.9575159114661109e-08
 9.9985851391749192e-01  0.0000000000000000e+00  0.0000000000000000e+00  9.9963465929548045e-01  9.9977611370119335e-01  2.9575305784472758e-08
 9.9802715415064391e-01  0.0000000000000000e+00  0.0000000000000000e+00  9.9780945518406938e-01  9.9978187069793756e-01  2.9575436755843056e-08
 9.9612648920292601e-01  0.0000000000000000e+00  0.0000000000000000e+00  9.9591454380653144e-01  9.9978723043841156e-01  2.9575558689324380e-08
 9.9415510132286267e-01  0.0000000000000000e+00  0.0000000000000000e+00  9.9394889871895176e-01  9.9979258507687940e-01  2.9575680506417994e-08
 9.9210992103004114e-01  0.0000000000000000e+00  0.0000000000000000e+00  9.9190977896267307e-01  9.9979826623731360e-01  2.9575809751482375e-08
 9.8998370943700531e-01  0.0000000000000000e+00  0.0000000000000000e+00  9.8978978534410533e-01  9.9980411385455015e-01  2.9575942783026609e-08
 9.8776647076290514e-01  0.0000000000000000e+00  0.0000000000000000e+00  9.8757864586114430e-01  9.9980984887894042e-01  2.9576073252749446e-08
 9.8544511465238915e-01  0.0000000000000000e+00  0.0000000000000000e+00  9.8526315312702484e-01  9.9981535092857177e-01  2.9576198422038758e-08
 9.8300537704844781e-01  0.0000000000000000e+00  0.0000000000000000e+00  9.8282910758303743e-01  9.9982068311168404e-01  2.9576319726617144e-08
 9.8043068447441850e-01  0.0000000000000000e+00  0.0000000000000000e+00  9.8025995706746405e-01  9.9982586488809688e-01  2.9576437609214451e-08
 9.7770884044626261e-01  0.0000000000000000e+00  0.0000000000000000e+00  9.7754365286234057e-01  9.9983104624087638e-01  2.9576555481877025e-08
 9.7482735729078374e-01  0.0000000000000000e+00  0.0000000000000000e+00  9.7466769777427975e-01  9.9983621764888964e-01  2.9576673128005719e-08
 9.7178137084289606e-01  0.0000000000000000e+00  0.0000000000000000e+00  9.7162740348207510e-01  9.9984156172834715e-01  2.9576794701984979e-08
 9.6856639590638682e-01  0.0000000000000000e+00  0.0000000000000000e+00  9.6841826569741252e-01  9.9984706241141530e-01  2.9576919838253909e-08
 9.6518712299680809e-01  0.0000000000000000e+00  0.0000000000000000e+00  9.6504516888660508e-01  9.9985292581425855e-01  2.9577053225747176e-08
 9.6164871448751599e-01  0.0000000000000000e+00  0.0000000000000000e+00  9.6151326029840878e-01  9.9985914379433327e-01  2.9577194679158951e-08
 9.5796393142598724e-01  0.0000000000000000e+00  0.0000000000000000e+00  9.5783550133974082e-01  9.9986593431961990e-01  2.9577349156966338e-08
 9.5414395506892435e-01  0.0000000000000000e+00  0.0000000000000000e+00  9.5402319457419471e-01  9.9987343577026522e-01  2.9577519807036608e-08
 9.5020516511660014e-01  0.0000000000000000e+00  0.0000000000000000e+00  9.5009346487118584e-01  9.9988244618160915e-01  2.9577724783543510e-08
 9.4615596025455517e-01  0.0000000000000000e+00  0.0000000000000000e+00  9.4605557968998633e-01  9.9989390695743052e-01  2.9577985501728360e-08
 9.4200625944456762e-01  0.0000000000000000e+00  0.0000000000000000e+00  9.4192039473328648e-01  9.9990884910750855e-01  2.9578325414599400e-08
 9.3775797585447462e-01  0.0000000000000000e+00  0.0000000000000000e+00  9.3768954961863871e-01  9.9992703209399703e-01  2.9578739048600113e-08
 9.3340862222998433e-01  0.0000000000000000e+00  0.0000000000000000e+00  9.3335977920207558e-01  9.9994767240547677e-01  2.9579208578396838e-08
 9.2894890775834416e-01  0.0000000000000000e+00  0.0000000000000000e+00  9.2892146062911285e-01  9.9997045356423597e-01  2.9579726803125290e-08
 9.2436298407760953e-01  0.0000000000000000e+00  0.0000000000000000e+00  9.2435878062162058e-01  9.9999545259161038e-01  2.9580295473212398e-08
 9.1962929483669331e-01  0.0000000000000000e+00  0.0000000000000000e+00  9.1965034540034873e-01  1.0000228902708665e+00  2.9580919609028464e-08
 9.1472785148060765e-01  0.0000000000000000e+00  0.0000000000000000e+00  9.1477661550030409e-01  1.0000533098665552e+00  2.9581611565942627e-08
 9.0963867838669055e-01  0.0000000000000000e+00  0.0000000000000000e+00  9.0971806353036511e-01  1.0000872710731863e+00  2.9582384072054350e-08
 9.0434625688669090e-01  0.0000000000000000e+00  0.0000000000000000e+00  9.0445962438528404e-01  1.0001253585092325e+00  2.9583250421168721e-08
 8.9884731214069702e-01  0.0000000000000000e+00  0.0000000000000000e+00  8.9899861134235592e-01  1.0001683258097516e+00  2.9584227749979477e-08
 8.9315539404854505e-01  0.0000000000000000e+00  0.0000000000000000e+00  8.9334959996541463e-01  1.0002174379936166e+00  2.9585344824505226e-08
 8.8730392674554281e-01  0.0000000000000000e+00  0.0000000000000000e+00  8.8754934036867938e-01  1.0002765834971981e+00  2.9586690075110421e-08
 8.8135777963361150e-01  0.0000000000000000e+00  0.0000000000000000e+00  8.8167270984834345e-01  1.0003573239177206e+00  2.9588526434535044e-08
 8.7544987786256290e-01  0.0000000000000000e+00  0.0000000000000000e+00  8.7586271589588427e-01  1.0004715724380813e+00  2.9591124778627572e-08
 8.6981655089859145e-01  0.0000000000000000e+00  0.0000000000000000e+00  8.7034812644449366e-01  1.0006111352392102e+00  2.9594298647215757e-08
 8.6477463965697299e-01  0.0000000000000000e+00  0.0000000000000000e+00  8.6543677818957643e-01  1.0007656775560236e+00  2.9597812921163306e-08
 8.6073340569305046e-01  0.0000000000000000e+00  0.0000000000000000e+00  8.6153456813312657e-01  1.0009307904570419e+00  2.9601567277042289e-08
 8.5820438741066774e-01  0.0000000000000000e+00  0.0000000000000000e+00  8.5914900039811826e-01  1.0011006853394222e+00  2.9605430051438664e-08
 8.5773943147898135e-01  0.0000000000000000e+00  0.0000000000000000e+00  8.5882576927575049e-01  1.0012665125991655e+00  2.9609200035528587e-08
 8.5984498337807946e-01  0.0000000000000000e+00  0.0000000000000000e+00  8.6106266157539557e-01  1.0014161601461375e+00  2.9612601922529319e-08
 8.6483700529885821e-01  0.0000000000000000e+00  0.0000000000000000e+00  8.6616724595434436e-01  1.0015381403054402e+00  2.9615374673070503e-08
 8.7270614006075642e-01  0.0000000000000000e+00  0.0000000000000000e+00  8.7412427234266199e-01  1.0016249825878467e+00  2.9617348598698767e-08
 8.8306578729030993e-01  0.0000000000000000e+00  0.0000000000000000e+00  8.8454338736530158e-01  1.0016732616032220e+00  2.9618445944980936e-08
 8.9520392847787600e-01  0.0000000000000000e+00  0.0000000000000000e+00  8.9671855018693114e-01  1.0016919292474851e+00  2.9618870239812365e-08
 9.0824856045245728e-01  0.0000000000000000e+00  0.0000000000000000e+00  9.0979478449019113e-01  1.0017024238793879e+00  2.9619108769454834e-08
 1.0013510696073538e+00  0.0000000000000000e+00  0.0000000000000000e+00  1.0011341969859471e+00  9.9978341999325815e-01  2.9575472002166667e-08
 1.0020093121270905e+00  0.0000000000000000e+00  0.0000000000000000e+00  1.0017884627303093e+00  9.9977959346873513e-01  2.9575384949043473e-08
 1.0026995175480036e+00  0.0000000000000000e+00  0.0000000000000000e+00  1.0024742533788356e+00  9.9977534229824039e-01  2.9575288235068647e-08
 1.0034228441950741e+00  0.0000000000000000e+00  0.0000000000000000e+00  1.0031926343644315e+00  9.9977057545383352e-01  2.9575179789292954e-08
 1.0041794838436382e+00  0.0000000000000000e+00  0.0000000000000000e+00  1.0039437192624669e+00  9.9976521669187213e-01  2.9575057877084323e-08
 1.0049696433400555e+00  0.0000000000000000e+00  0.0000000000000000e+00  1.0047276093680262e+00  9.9975916290244871e-01  2.9574920152569867e-08
 1.0057920443336239e+00  0.0000000000000000e+00  0.0000000000000000e+00  1.0055429146662065e+00  9.9975230499304435e-01  2.9574764133728598e-08
 1.0066458546844672e+00  0.0000000000000000e+00  0.0000000000000000e+00  1.0063885777101196e+00  9.9974442156280663e-01  2.9574584783435171e-08
 1.0075288462461811e+00  0.0000000000000000e+00  0.0000000000000000e+00  1.0072620442581539e+00  9.9973519171285175e-01  2.9574374800833316e-08
 1.0084420977438442e+00  0.0000000000000000e+00  0.0000000000000000e+00  1.0081638284205430e+00  9.9972406018756710e-01  2.9574121553138355e-08
 2.4703282292062327e-322  2.5197347937903574e-322  2.5691413583744820e-322  2.6185479229586067e-322  0.0000000000000000e+00  0.0000000000000000e+00
 2.6679544875427313e-322  2.7173610521268560e-322  2.7667676167109806e-322  2.8161741812951053e-322  0.0000000000000000e+00  0.0000000000000000e+00
 2.8655807458792300e-322  2.9149873104633546e-322  2.9643938750474793e-322  3.0138004396316039e-322  0.0000000000000000e+00  0.0000000000000000e+00
 3.0632070042157286e-322  3.1126135687998532e-322  3.1620201333839779e-322  3.2114266979681025e-322  0.0000000000000000e+00  0.0000000000000000e+00
 3.2608332625522272e-322  3.3102398271363518e-322  3.3596463917204765e-322  3.4090529563046012e-322  6.9261263292187159e-310  6.9261263270495701e-310
 3.4584595208887258e-322  3.5078660854728505e-322  3.5572726500569751e-322  3.6066792146410998e-322  0.0000000000000000e+00  0.0000000000000000e+00
 3.6560857792252244e-322  3.7054923438093491e-322  3.7548989083934737e-322  3.8043054729775984e-322  6.9261263292471741e-310  6.9261263292756323e-310
 3.8537120375617230e-322  3.9031186021458477e-322  3.9525251667299724e-322  4.0019317313140970e-322  0.0000000000000000e+00  0.0000000000000000e+00
 4.0513382958982217e-322  4.1007448604823463e-322  4.1501514250664710e-322  4.1995579896505956e-322  0.0000000000000000e+00  0.0000000000000000e+00
 4.2489645542347203e-322  4.2983711188188449e-322  4.3477776834029696e-322  4.3971842479870942e-322  0.0000000000000000e+00  0.0000000000000000e+00
 4.4465908125712189e-322  4.4959973771553436e-322  4.5454039417394682e-322  4.5948105063235929e-322  0.0000000000000000e+00  0.0000000000000000e+00
 4.6442170709077175e-322  4.6936236354918422e-322  4.7430302000759668e-322  4.7924367646600915e-322  0.0000000000000000e+00  0.0000000000000000e+00
 4.8418433292442161e-322  4.8912498938283408e-322  4.9406564584124654e-322  4.9900630229965901e-322  0.0000000000000000e+00  0.0000000000000000e+00
 5.0394695875807148e-322  5.0888761521648394e-322  5.1382827167489641e-322  5.1876892813330887e-322  0.0000000000000000e+00  0.0000000000000000e+00
 5.2370958459172134e-322  5.2865024105013380e-322  5.3359089750854627e-322  5.3853155396695873e-322  0.0000000000000000e+00  0.0000000000000000e+00
 5.4347221042537120e-322  5.4841286688378366e-322  5.5335352334219613e-322  5.5829417980060859e-322  0.0000000000000000e+00  0.0000000000000000e+00
 5.6323483625902106e-322  5.6817549271743353e-322  5.7311614917584599e-322  5.7805680563425846e-322  0.0000000000000000e+00  0.0000000000000000e+00
 5.8299746209267092e-322  5.8793811855108339e-322  5.9287877500949585e-322  5.9781943146790832e-322  0.0000000000000000e+00  0.0000000000000000e+00
 6.0276008792632078e-322  6.0770074438473325e-322  6.1264140084314571e-322  6.1758205730155818e-322  0.0000000000000000e+00  0.0000000000000000e+00
 6.2252271375997065e-322  6.2746337021838311e-322  6.3240402667679558e-322  6.3734468313520804e-322  0.0000000000000000e+00  0.0000000000000000e+00
 6.4228533959362051e-322  6.4722599605203297e-322  6.5216665251044544e-322  6.5710730896885790e-322  0.0000000000000000e+00  0.0000000000000000e+00
 6.6204796542727037e-322  6.6698862188568283e-322  6.7192927834409530e-322  6.7686993480250777e-322  0.0000000000000000e+00  0.0000000000000000e+00
 6.8181059126092023e-322  6.8675124771933270e-322  6.9169190417774516e-322  6.9663256063615763e-322  0.0000000000000000e+00  0.0000000000000000e+00
 7.0157321709457009e-322  7.0651387355298256e-322  7.1145453001139502e-322  7.1639518646980749e-322  3.9525251667299724e-323  3.9525251667299724e-323
 7.2133584292821995e-322  7.2627649938663242e-322  7.3121715584504489e-322  7.3615781230345735e-322  0.0000000000000000e+00  0.0000000000000000e+00
 7.4109846876186982e-322  7.4603912522028228e-322  7.5097978167869475e-322  7.5592043813710721e-322  0.0000000000000000e+00  0.0000000000000000e+00
 7.6086109459551968e-322  7.6580175105393214e-322  7.7074240751234461e-322  7.7568306397075707e-322  0.0000000000000000e+00  0.0000000000000000e+00
 7.8062372042916954e-322  7.8556437688758201e-322  7.9050503334599447e-322  7.9544568980440694e-322  0.0000000000000000e+00  0.0000000000000000e+00
 8.0038634626281940e-322  8.0532700272123187e-322  8.1026765917964433e-322  8.1520831563805680e-322  0.0000000000000000e+00  0.0000000000000000e+00
 8.2014897209646926e-322  8.2508962855488173e-322  8.3003028501329419e-322  8.3497094147170666e-322  0.0000000000000000e+00  0.0000000000000000e+00
 8.3991159793011913e-322  8.4485225438853159e-322  8.4979291084694406e-322  8.5473356730535652e-322  0.0000000000000000e+00  0.0000000000000000e+00
 8.5967422376376899e-322  8.6461488022218145e-322  1.5335797646912293e-320  5.1382827167489641e-321  0.0000000000000000e+00  0.0000000000000000e+00
 0.0000000000000000e+00  4.9406564584124654e-324  9.8813129168249309e-324  1.4821969375237396e-323  0.0000000000000000e+00  0.0000000000000000e+00
 1.9762625833649862e-323  2.4703282292062327e-323  2.9643938750474793e-323  3.4584595208887258e-323  0.0000000000000000e+00  0.0000000000000000e+00
 3.9525251667299724e-323  4.4465908125712189e-323  4.9406564584124654e-323  5.4347221042537120e-323  0.0000000000000000e+00  0.0000000000000000e+00
 5.9287877500949585e-323  6.4228533959362051e-323  6.9169190417774516e-323  7.4109846876186982e-323  0.0000000000000000e+00  0.0000000000000000e+00
 7.9050503334599447e-323  8.3991159793011913e-323  8.8931816251424378e-323  9.3872472709836843e-323  0.0000000000000000e+00  0.0000000000000000e+00
 9.8813129168249309e-323  1.0375378562666177e-322  1.0869444208507424e-322  1.1363509854348671e-322  0.0000000000000000e+00  0.0000000000000000e+00
 1.1857575500189917e-322  1.2351641146031164e-322  1.2845706791872410e-322  1.3339772437713657e-322  0.0000000000000000e+00  0.0000000000000000e+00
 1.3833838083554903e-322  1.4327903729396150e-322  1.4821969375237396e-322  1.5316035021078643e-322  0.0000000000000000e+00  0.0000000000000000e+00
 1.5810100666919889e-322  1.6304166312761136e-322  1.6798231958602383e-322  1.7292297604443629e-322  0.0000000000000000e+00  0.0000000000000000e+00
 1.7786363250284876e-322  1.8280428896126122e-322  1.8774494541967369e-322  1.9268560187808615e-322  0.0000000000000000e+00  0.0000000000000000e+00
 1.9762625833649862e-322  2.0256691479491108e-322  2.0750757125332355e-322  2.1244822771173601e-322  0.0000000000000000e+00  0.0000000000000000e+00
 2.1738888417014848e-322  2.2232954062856094e-322  2.2727019708697341e-322  2.3221085354538588e-322  0.0000000000000000e+00  0.0000000000000000e+00
 2.3715151000379834e-322  2.4209216646221081e-322  2.4703282292062327e-322  2.5197347937903574e-322  0.0000000000000000e+00  0.0000000000000000e+00
 2.5691413583744820e-322  2.6185479229586067e-322  2.6679544875427313e-322  2.7173610521268560e-322  0.0000000000000000e+00  0.0000000000000000e+00
 2.7667676167109806e-322  2.8161741812951053e-322  2.8655807458792300e-322  2.9149873104633546e-322  0.0000000000000000e+00  0.0000000000000000e+00
 2.9643938750474793e-322  3.0138004396316039e-322  3.0632070042157286e-322  3.1126135687998532e-322  0.0000000000000000e+00  0.0000000000000000e+00
 3.1620201333839779e-322  3.2114266979681025e-322  3.2608332625522272e-322  3.3102398271363518e-322  0.0000000000000000e+00  0.0000000000000000e+00
 3.3596463917204765e-322  3.4090529563046012e-322  3.4584595208887258e-322  3.5078660854728505e-322  0.0000000000000000e+00  0.0000000000000000e+00
 3.5572726500569751e-322  3.6066792146410998e-322  3.6560857792252244e-322  3.7054923438093491e-322  0.0000000000000000e+00  0.0000000000000000e+00
 3.7548989083934737e-322  3.8043054729775984e-322  3.8537120375617230e-322  3.9031186021458477e-322  0.0000000000000000e+00  0.0000000000000000e+00
 3.9525251667299724e-322  4.0019317313140970e-322  4.0513382958982217e-322  4.1007448604823463e-322  0.0000000000000000e+00  0.0000000000000000e+00
 4.1501514250664710e-322  4.1995579896505956e-322  4.2489645542347203e-322  4.2983711188188449e-322  0.0000000000000000e+00  0.0000000000000000e+00
 4.3477776834029696e-322  4.3971842479870942e-322  4.4465908125712189e-322  4.4959973771553436e-322  0.0000000000000000e+00  0.0000000000000000e+00
 4.5454039417394682e-322  4.5948105063235929e-322  4.6442170709077175e-322  4.6936236354918422e-322  1.8839268524399739e-316  1.9446581921318133e-316
 4.7430302000759668e-322  4.7924367646600915e-322  4.8418433292442161e-322  4.8912498938283408e-322  0.0000000000000000e+00  0.0000000000000000e+00
 4.9406564584124654e-322  4.9900630229965901e-322  5.0394695875807148e-322  5.0888761521648394e-322  0.0000000000000000e+00  0.0000000000000000e+00
 5.1382827167489641e-322  5.1876892813330887e-322  5.2370958459172134e-322  5.2865024105013380e-322  4.9406564584124654e-324  4.9406564584124654e-324
 5.3359089750854627e-322  5.3853155396695873e-322  5.4347221042537120e-322  5.4841286688378366e-322  2.4703282292062327e-323  2.4703282292062327e-323
 5.5335352334219613e-322  5.5829417980060859e-322  5.6323483625902106e-322  5.6817549271743353e-322  0.0000000000000000e+00  0.0000000000000000e+00
 5.7311614917584599e-322  5.7805680563425846e-322  5.8299746209267092e-322  5.8793811855108339e-322  0.0000000000000000e+00  0.0000000000000000e+00
 5.9287877500949585e-322  5.9781943146790832e-322  6.0276008792632078e-322  6.0770074438473325e-322  0.0000000000000000e+00  0.0000000000000000e+00
