#              NORMAL-X,               NORMAL-Y,                   AREA
 5.9678865326316319e-04 -1.4854784069484595e-13  5.9678865326316319e-04
 1.3732499341933321e-03  1.0258062717664052e-02  1.0349573232809708e-02
 1.2195524175531245e-03  9.0036515820814955e-03  9.0858708944535575e-03
 1.0787676300184493e-03  7.8821471298204937e-03  7.9556258695160538e-03
 9.5088984153367858e-04  6.8846746041200113e-03  6.9500313593067317e-03
 8.3557829191382342e-04  6.0015067594139104e-03  6.0593955527930739e-03
 7.3225235415334627e-04  5.2225888159554978e-03  5.2736730511766241e-03
 6.4011804619133652e-04  4.5379281002980720e-03  4.5828531022207861e-03
 1.9045041142249988e-03 -1.4879261397873544e-02  1.5000651841415084e-02
 2.0992388687760214e-03 -1.6709741227642017e-02  1.6841088317651545e-02
 2.2978755885763782e-03 -1.8675267992338429e-02  1.8816106579370651e-02
 2.4960301189912992e-03 -2.0760017516794016e-02  2.0909531167687765e-02
 2.6882901802914826e-03 -2.2939977439714543e-02  2.3096958003773222e-02
 2.8682222363412731e-03 -2.5182109897767480e-02  2.5344927652299214e-02
 3.0284377176584207e-03 -2.7444015074555517e-02  2.7610603007217474e-02
 3.1607314180644164e-03 -2.9674309345999905e-02  2.9842165776954539e-02
 3.2563094238981377e-03 -3.1813903916117048e-02  3.1980119346995808e-02
 3.3061302514789115e-03 -3.3798294346725544e-02  3.3959611275567396e-02
 3.3013861459852065e-03 -3.5560846022497428e-02  3.5713763737817858e-02
 3.2341441234472815e-03 -3.7036897069401054e-02  3.7177835234728729e-02
 3.0981397487191142e-03 -3.8168326126968521e-02  3.8293858374904205e-02
 2.8896679893064131e-03 -3.8908087792865365e-02  3.9015246722092389e-02
 2.6084530373355480e-03 -3.9224146048592590e-02  3.9310783005293941e-02
 2.2583258868022343e-03 -3.9102266246777484e-02  3.9167426025268431e-02
 1.8475203603125212e-03 -3.8547265140190523e-02  3.8591514368704387e-02
 1.3884405936688063e-03 -3.7582541604363529e-02  3.7608179970930036e-02
 8.9685309764755278e-04 -3.6247969434275995e-02  3.6259062778662199e-02
 3.9058468581450873e-04 -3.4596469943053987e-02  3.4598674669955649e-02
-1.1207155811725211e-04 -3.2689747121055990e-02  3.2689939230177947e-02
-5.9396444252293040e-04 -3.0593734766245995e-02  3.0599500007457481e-02
-1.0404564184170184e-03 -2.8374272958294977e-02  2.8393342801974811e-02
-1.4403627351732562e-03 -2.6093422104172009e-02  2.6133146039376283e-02
-1.7863725962612848e-03 -2.3806670777381994e-02  2.3873598399808252e-02
-2.0749857551677214e-03 -2.1561133369765506e-02  2.1660748788372128e-02
-2.3060684821477467e-03 -1.9394696460093494e-02  1.9531313387059209e-02
-2.4821758724977161e-03 -1.7335974217192768e-02  1.7512772456729466e-02
-2.6077788927322057e-03 -1.5404879235978053e-02  1.5624046051789766e-02
-2.6885149747680540e-03 -1.3613602705516106e-02  1.3876537442502994e-02
-2.7305359214716551e-03 -1.1967817586103574e-02  1.2275360857942102e-02
-2.7399883763276206e-03 -1.0467948750747358e-02  1.0820604759008789e-02
-2.7226349508803205e-03 -9.1103970740228635e-03  9.5085264853246032e-03
-2.6835968339712288e-03 -7.8886632793462863e-03  8.3326286550047882e-03
-2.6271978147261107e-03 -6.7943190685105653e-03  7.2845686188289785e-03
-2.5568854909105779e-03 -5.8178238649878589e-03  6.3548987354364109e-03
-2.4752129829910680e-03 -4.9491907919389927e-03  5.5336397430788041e-03
-2.3838376256743836e-03 -4.1786183164962479e-03  4.8107725845791980e-03
-2.2836372558840377e-03 -3.4968482691243516e-03  4.1764754199850804e-03
-2.1748508553333171e-03 -2.8956119702911974e-03  3.6214009617049768e-03
-2.0572643789230106e-03 -2.3679489741189790e-03  3.1368007697041593e-03
-1.9307506618003994e-03 -1.9082137874654225e-03  2.7146045709671627e-03
-1.7956924527534803e-03 -1.5119712989854293e-03  2.3474600302947645e-03
-1.6534021424727142e-03 -1.1755580092453395e-03  2.0287127144655616e-03
-1.5063184973631415e-03 -8.9534839760842862e-04  1.7523253603707084e-03
-1.3578598250046786e-03 -6.6712057475122643e-04  1.5128890129874509e-03
-1.2119496274957241e-03 -4.8571686565611273e-04  1.3056579847608725e-03
 3.1607314180294860e-03  2.9674309345296468e-02  2.9842165776251362e-02
 3.0284377176072463e-03  2.7444015073781913e-02  2.7610603006442924e-02
 2.8682222362789722e-03  2.5182109896965565e-02  2.5344927651495402e-02
 2.6882901802214934e-03  2.2939977438908965e-02  2.3096958002964969e-02
 2.4960301189164251e-03  2.0760017516003648e-02  2.0909531166894112e-02
 2.2978755884998682e-03  1.8675267991582922e-02  1.8816106578611453e-02
 2.0992388686976258e-03  1.6709741226912045e-02  1.6841088316917496e-02
 1.9045041141475746e-03  1.4879261397185983e-02  1.5000651840723257e-02
 1.7170687664165452e-03  1.3192598039989512e-02  1.3303870421547946e-02
 1.5394221835532147e-03  1.1652723319190983e-02  1.1753968751567832e-02
 0.0000000000000000e+00  0.0000000000000000e+00  0.0000000000000000e+00
 0.0000000000000000e+00  0.0000000000000000e+00  0.0000000000000000e+00
 0.0000000000000000e+00  0.0000000000000000e+00  0.0000000000000000e+00
 0.0000000000000000e+00  0.0000000000000000e+00  0.0000000000000000e+00
 0.0000000000000000e+00  0.0000000000000000e+00  0.0000000000000000e+00
 0.0000000000000000e+00  0.0000000000000000e+00  0.0000000000000000e+00
 0.0000000000000000e+00  0.0000000000000000e+00  0.0000000000000000e+00
 0.0000000000000000e+00  0.0000000000000000e+00  0.0000000000000000e+00
 0.0000000000000000e+00  0.0000000000000000e+00  0.0000000000000000e+00
 0.0000000000000000e+00  0.0000000000000000e+00  0.0000000000000000e+00
 0.0000000000000000e+00  0.0000000000000000e+00  0.0000000000000000e+00
 0.0000000000000000e+00  0.0000000000000000e+00  0.0000000000000000e+00
 0.0000000000000000e+00  0.0000000000000000e+00  0.0000000000000000e+00
 0.0000000000000000e+00  6.9261263270448271e-310  0.0000000000000000e+00
 6.9261442188037420e-310  0.0000000000000000e+00  0.0000000000000000e+00
 6.9261359134803944e-310  6.9261439882007757e-310  0.0000000000000000e+00
 6.9261359134882994e-310  6.9261439880655993e-310  0.0000000000000000e+00
 6.9261263280309821e-310  0.0000000000000000e+00  0.0000000000000000e+00
 6.9261263393063507e-310  6.9261439882648066e-310  0.0000000000000000e+00
 6.9261263393162320e-310  6.9261263393150462e-310  0.0000000000000000e+00
 0.0000000000000000e+00  1.3522576726674918e-320  0.0000000000000000e+00
 6.9261506690350940e-310  6.9261506690350940e-310  0.0000000000000000e+00
 0.0000000000000000e+00  0.0000000000000000e+00  0.0000000000000000e+00
 1.0515191816921670e+00  0.0000000000000000e+00  1.0515191816921670e+00
 0.0000000000000000e+00  2.6272570545780654e+00  2.6272570545780654e+00
 1.0571539340004166e+00  0.0000000000000000e+00  1.0571539340004166e+00
 0.0000000000000000e+00  2.6411036893948427e+00  2.6411036893948427e+00
 1.0624455175497300e+00  0.0000000000000000e+00  1.0624455175497300e+00
 0.0000000000000000e+00  2.6541720287287389e+00  2.6541720287287389e+00
 1.0670628196925109e+00  0.0000000000000000e+00  1.0670628196925109e+00
 0.0000000000000000e+00  2.6656150219142298e+00  2.6656150219142298e+00
 1.0705970208075166e+00  0.0000000000000000e+00  1.0705970208075166e+00
 0.0000000000000000e+00  2.6743819427809292e+00  2.6743819427809292e+00
 1.0725947433764529e+00  0.0000000000000000e+00  1.0725947433764529e+00
 0.0000000000000000e+00  2.6793241360055808e+00  2.6793241360055808e+00
 1.0726492480853198e+00  0.0000000000000000e+00  1.0726492480853198e+00
 0.0000000000000000e+00  2.6794205650964753e+00  2.6794205650964753e+00
 1.0705026273668152e+00  0.0000000000000000e+00  1.0705026273668152e+00
 0.0000000000000000e+00  2.6740294775505715e+00  2.6740294775505715e+00
 1.0661229466795241e+00  0.0000000000000000e+00  1.0661229466795241e+00
 0.0000000000000000e+00  2.6630797474066989e+00  2.6630797474066989e+00
 1.0597708038925238e+00  0.0000000000000000e+00  1.0597708038925238e+00
 0.0000000000000000e+00  2.6472468552231598e+00  2.6472468552231598e+00
 1.0519293682058033e+00  0.0000000000000000e+00  1.0519293682058033e+00
 0.0000000000000000e+00  2.6277758004125249e+00  2.6277758004125249e+00
 9.8998783893260467e-01  0.0000000000000000e+00  9.8998783893260467e-01
 0.0000000000000000e+00  2.4744264333495689e+00  2.4744264333495689e+00
 9.9209932265775913e-01  0.0000000000000000e+00  9.9209932265775913e-01
 0.0000000000000000e+00  2.4796867679034915e+00  2.4796867679034915e+00
 9.9413214860838550e-01  0.0000000000000000e+00  9.9413214860838550e-01
 0.0000000000000000e+00  2.4847499625820602e+00  2.4847499625820602e+00
 9.9609404731497919e-01  0.0000000000000000e+00  9.9609404731497919e-01
 0.0000000000000000e+00  2.4896359053642896e+00  2.4896359053642896e+00
 9.9798815112946526e-01  0.0000000000000000e+00  9.9798815112946526e-01
 0.0000000000000000e+00  2.4943526621977385e+00  2.4943526621977385e+00
 9.9981615326338358e-01  0.0000000000000000e+00  9.9981615326338358e-01
 0.0000000000000000e+00  2.4989040106484137e+00  2.4989040106484137e+00
 1.0015759490436615e+00  0.0000000000000000e+00  1.0015759490436615e+00
 0.0000000000000000e+00  2.5032835844124230e+00  2.5032835844124230e+00
 1.0032642397083635e+00  0.0000000000000000e+00  1.0032642397083635e+00
 0.0000000000000000e+00  2.5074822577195270e+00  2.5074822577195270e+00
 1.0048772340060366e+00  0.0000000000000000e+00  1.0048772340060366e+00
 0.0000000000000000e+00  2.5114898742511724e+00  2.5114898742511724e+00
