#               DENSITY,             VELOCITY-X,             VELOCITY-Y,               PRESSURE,            TEMPERATURE,              VISCOSITY
 1.0070361541862809e+00  6.8965085806798202e-03  4.1995386886902764e-05  1.0272355042983961e+00  1.0200582174017745e+00  0.0000000000000000e+00
 1.0022069602871795e+00  8.0070860249979850e-02  1.1341973588792824e-02  1.0214255303025017e+00  1.0191762487957730e+00  0.0000000000000000e+00
 1.0028671624366363e+00  1.5623392746124595e-01  2.1905246243193916e-02  1.0195081974866871e+00  1.0165934589079761e+00  0.0000000000000000e+00
 1.0022151143641143e+00  2.0889646286122865e-01  2.9083645580763446e-02  1.0160696673439740e+00  1.0138239313908675e+00  0.0000000000000000e+00
 1.0023602317967082e+00  2.4287064992909602e-01  3.3544845879206510e-02  1.0139988448023489e+00  1.0116112078636430e+00  0.0000000000000000e+00
 1.0021687141476749e+00  2.6666201943260909e-01  3.6496272703511863e-02  1.0120571693665914e+00  1.0098670563941190e+00  0.0000000000000000e+00
 1.0019710446683072e+00  2.8526055154052166e-01  3.8639036457148959e-02  1.0103779442519643e+00  1.0083903618057550e+00  0.0000000000000000e+00
 1.0016869004435434e+00  3.0065119207685381e-01  4.0248390036601946e-02  1.0087933108283662e+00  1.0070944427661741e+00  0.0000000000000000e+00
 1.0013404292084516e+00  3.1362828872724968e-01  4.1432979894869784e-02  1.0072971715702324e+00  1.0059487684587844e+00  0.0000000000000000e+00
 1.0009088691205927e+00  3.2471032960933627e-01  4.2262347380865657e-02  1.0058493559576696e+00  1.0049360006584993e+00  0.0000000000000000e+00
 1.0004077704125869e+00  3.3431354779939154e-01  4.2791198850208448e-02  1.0044411679685799e+00  1.0040317535261942e+00  0.0000000000000000e+00
 9.9984317872961614e-01  3.4279107623177818e-01  4.3064697278649436e-02  1.0030579745158950e+00  1.0032153000137118e+00  0.0000000000000000e+00
 9.9922639518608591e-01  3.5037945341492155e-01  4.3111982858392704e-02  1.0016923715094672e+00  1.0024678854914781e+00  0.0000000000000000e+00
 9.9856160916282555e-01  3.5728509949904896e-01  4.2957267999958429e-02  1.0003364502079073e+00  1.0017773976375577e+00  0.0000000000000000e+00
 9.9785556815517540e-01  3.6363169867598510e-01  4.2613237599237269e-02  9.9898449068185591e-01  1.0011313486267035e+00  0.0000000000000000e+00
 9.9710933338682795e-01  3.6955794892333133e-01  4.2092318489490133e-02  9.9762934310613394e-01  1.0005215172518143e+00  0.0000000000000000e+00
 9.9632655285478278e-01  3.7513270869453480e-01  4.1395739797303613e-02  9.9626518605548853e-01  9.9993840694186242e-01  0.0000000000000000e+00
 9.9550402501861845e-01  3.8046947289540284e-01  4.0525324645290614e-02  9.9488427138390323e-01  9.9937744738430023e-01  0.0000000000000000e+00
 9.9464230221854710e-01  3.8560668500670336e-01  3.9468713193688630e-02  9.9347941842062082e-01  9.9883085226183099e-01  0.0000000000000000e+00
 9.9373682406830133e-01  3.9064197299177289e-01  3.8212353209071147e-02  9.9204231363768158e-01  9.9829480966229833e-01  0.0000000000000000e+00
 9.9278805592666897e-01  3.9556966321056530e-01  3.6723749695652445e-02  9.9056692921690326e-01  9.9776273828386031e-01  0.0000000000000000e+00
 9.9179146851170985e-01  4.0048613963177865e-01  3.4971320638917121e-02  9.8904649849118131e-01  9.9723231131979040e-01  0.0000000000000000e+00
 9.9075061797090624e-01  4.0533912880410261e-01  3.2901537410302037e-02  9.8748014031530273e-01  9.9669899004221529e-01  0.0000000000000000e+00
 9.8966554191301137e-01  4.1021818625657452e-01  3.0466507091923049e-02  9.8586829957443656e-01  9.9616310543536302e-01  0.0000000000000000e+00
 9.8854603717242751e-01  4.1502735112449063e-01  2.7599811821689125e-02  9.8421982733770041e-01  9.9562366377280598e-01  0.0000000000000000e+00
 9.8739824035632606e-01  4.1986488783686826e-01  2.4249006629509910e-02  9.8254507690722925e-01  9.9508489761198560e-01  0.0000000000000000e+00
 9.8623925600399476e-01  4.2456817250192885e-01  2.0348987021675636e-02  9.8086402053865751e-01  9.9454976524954386e-01  0.0000000000000000e+00
 9.8508312519702912e-01  4.2920242869184277e-01  1.5856328930775997e-02  9.7919805983010333e-01  9.9402581851582483e-01  0.0000000000000000e+00
 9.8395383329586450e-01  4.3352410961334992e-01  1.0726320689476378e-02  9.7757637189222546e-01  9.9351853594362571e-01  0.0000000000000000e+00
 9.8286943951401162e-01  4.3762734267344089e-01  4.9406730602464732e-03  9.7602637675958048e-01  9.9303766860650933e-01  0.0000000000000000e+00
 9.8185636239626572e-01  4.4120244847407963e-01 -1.5126038573863043e-03  9.7458137725252381e-01  9.9259058104386388e-01  0.0000000000000000e+00
 9.8093157279465681e-01  4.4434766577053886e-01 -8.6268563977174272e-03  9.7326786712793512e-01  9.9218731879035382e-01  0.0000000000000000e+00
 9.8011848576196181e-01  4.4681116115016223e-01 -1.6384097017427803e-02  9.7211380685680449e-01  9.9183294772883079e-01  0.0000000000000000e+00
 9.7943270675438954e-01  4.4884247478329325e-01 -2.4776217388888938e-02  9.7113982387157849e-01  9.9153297329605061e-01  0.0000000000000000e+00
 9.7889046756371600e-01  4.5014252923673731e-01 -3.3777187615611319e-02  9.7036516423665198e-01  9.9129085060120992e-01  0.0000000000000000e+00
 9.7849918242268108e-01  4.5079176463251502e-01 -4.3383042247471963e-02  9.6980361460722442e-01  9.9111336220646906e-01  0.0000000000000000e+00
 9.7827177164881929e-01  4.5044840401169656e-01 -5.3559175721948314e-02  9.6947180625230578e-01  9.9100458006502490e-01  0.0000000000000000e+00
 9.7821649955211143e-01  4.4935525421390837e-01 -6.4338998330269515e-02  9.6938039135061171e-01  9.9096712414322885e-01  0.0000000000000000e+00
 9.7834459018513797e-01  4.4710190670108890e-01 -7.5686605935673001e-02  9.6954837010928530e-01  9.9100907781972014e-01  0.0000000000000000e+00
 9.7867237361022086e-01  4.4380399454445707e-01 -8.7645797996221478e-02  9.6999713275764554e-01  9.9113570477056268e-01  0.0000000000000000e+00
 9.7921675638428995e-01  4.3913214201948714e-01 -1.0019077491263950e-01  9.7075692502270816e-01  9.9136061417819366e-01  0.0000000000000000e+00
 9.8001304004896628e-01  4.3319985902765856e-01 -1.1339021760406831e-01  9.7186341390945241e-01  9.9168416561160611e-01  0.0000000000000000e+00
 9.8109252273537439e-01  4.2551749269544104e-01 -1.2716556239895183e-01  9.7337071750462056e-01  9.9212938122367444e-01  0.0000000000000000e+00
 9.8250348517672448e-01  4.1596172276929799e-01 -1.4150368934298144e-01  9.7534152495298010e-01  9.9271049891242280e-01  0.0000000000000000e+00
 9.8430114374170907e-01  4.0403362114588964e-01 -1.5622985913569543e-01  9.7785723976060401e-01  9.9345332064066372e-01  0.0000000000000000e+00
 9.8655529478286019e-01  3.8951578515088098e-01 -1.7118909989750331e-01  9.8100567471234246e-01  9.9437475010284238e-01  0.0000000000000000e+00
 9.8933529600711545e-01  3.7187474928629882e-01 -1.8598385367065356e-01  9.8489328302412726e-01  9.9551010360095749e-01  0.0000000000000000e+00
 9.9271280322226829e-01  3.5079396565006554e-01 -2.0012297483372291e-01  9.8961607732384627e-01  9.9688054199727250e-01  0.0000000000000000e+00
 9.9674718768715953e-01  3.2599967587244233e-01 -2.1289602366994098e-01  9.9525816093572494e-01  9.9850611391752264e-01  0.0000000000000000e+00
 1.0014637187302902e+00  2.9732373935416873e-01 -2.2331582074624381e-01  1.0018484431305192e+00  1.0003841620949756e+00  0.0000000000000000e+00
 1.0068130878900265e+00  2.6504560746684641e-01 -2.3027098799354179e-01  1.0093373602773779e+00  1.0025071906769125e+00  0.0000000000000000e+00
 1.0126683580368590e+00  2.2989387878862347e-01 -2.3261004867435592e-01  1.0175489347140914e+00  1.0048195212563906e+00  0.0000000000000000e+00
 1.0188050693125514e+00  1.9316252304435894e-01 -2.2941039293325405e-01  1.0261832567362217e+00  1.0072420010911891e+00  0.0000000000000000e+00
 1.0249293147800351e+00  1.5654271318224242e-01 -2.2017644328249575e-01  1.0348208569551394e+00  1.0096509505899216e+00  0.0000000000000000e+00
 1.0307087204596812e+00  1.2198414973275749e-01 -2.0522651514271534e-01  1.0430035400192765e+00  1.0119285102721478e+00  0.0000000000000000e+00
 1.0358502297763703e+00  9.1135079108699793e-02 -1.8550087995747505e-01  1.0503163175679637e+00  1.0139654241276914e+00  0.0000000000000000e+00
 1.0401747350057866e+00  6.5128472636902981e-02 -1.6251284994698109e-01  1.0564921011804613e+00  1.0156871395021763e+00  0.0000000000000000e+00
 1.0436163614486851e+00  4.4364053624133627e-02 -1.3788049855322423e-01  1.0614266743997398e+00  1.0170659579601951e+00  0.0000000000000000e+00
 1.0462203116997564e+00  2.8649623011533978e-02 -1.1315004279625511e-01  1.0651731029508578e+00  1.0181154877602305e+00  0.0000000000000000e+00
 1.0480934379484335e+00  1.7353909130358277e-02 -8.9470141426440317e-02  1.0678770411885354e+00  1.0188758010724952e+00  0.0000000000000000e+00
 1.0493731192535374e+00  9.6595088451661166e-03 -6.7573633253535034e-02  1.0697305850254073e+00  1.0193996447958864e+00  0.0000000000000000e+00
 1.0501925181257648e+00  4.7379501071862923e-03 -4.7810651247934197e-02  1.0709248762794006e+00  1.0197414833907179e+00  0.0000000000000000e+00
 1.0506719582667472e+00  1.8575249921335721e-03 -3.0242258941558766e-02  1.0716286210350618e+00  1.0199459618232185e+00  0.0000000000000000e+00
 1.0508691600387565e+00  4.2480162087668165e-04 -1.4710561120964371e-02  1.0719422857085270e+00  1.0200530441572704e+00  0.0000000000000000e+00
 1.0508831304803652e+00 -9.5844273711556969e-06 -5.8315894891370105e-04  1.0719949609402144e+00  1.0200896082994491e+00  0.0000000000000000e+00
 1.0508548040939205e+00  3.9004407451201351e-04  1.3529644670722275e-02  1.0719459119217276e+00  1.0200704300400403e+00  0.0000000000000000e+00
 1.0506429133937396e+00  1.7827238469024463e-03  2.9029684162042341e-02  1.0716367212458555e+00  1.0199818678491848e+00  0.0000000000000000e+00
 1.0501486892352627e+00  4.6132242766209440e-03  4.6554533813614268e-02  1.0709373728109601e+00  1.0197959429829278e+00  0.0000000000000000e+00
 1.0493162627720456e+00  9.4741407243122550e-03  6.6277729790888557e-02  1.0697482192181780e+00  1.0194716856785924e+00  0.0000000000000000e+00
 1.0480276462978853e+00  1.7091654015687508e-02  8.8118411363446461e-02  1.0679006028639229e+00  1.0189622445898618e+00  0.0000000000000000e+00
 1.0461466896304115e+00  2.8290455968393687e-02  1.1173193368028640e-01  1.0652026989125831e+00  1.0182154275983075e+00  0.0000000000000000e+00
 1.0435340905193440e+00  4.3877963558474238e-02  1.3637039112237187e-01  1.0614632340395220e+00  1.0171811766218919e+00  0.0000000000000000e+00
 1.0400806112254548e+00  6.4490140439353708e-02  1.6092005762518866e-01  1.0565354048984790e+00  1.0158206907189982e+00  0.0000000000000000e+00
 1.0357430674296706e+00  9.0300348539520514e-02  1.8380173827267518e-01  1.0503667179196181e+00  1.0141189943237934e+00  0.0000000000000000e+00
 1.0305851630817777e+00  1.2089883048185099e-01  2.0340060926733886e-01  1.0430592270516750e+00  1.0121038652764960e+00  0.0000000000000000e+00
 1.0247911582320857e+00  1.5514053753214122e-01  2.1820459689942834e-01  1.0348818185744495e+00  1.0098465528915881e+00  0.0000000000000000e+00
 1.0186478936718444e+00  1.9140526155987342e-01  2.2732320631666733e-01  1.0262468081205631e+00  1.0074598048019592e+00  0.0000000000000000e+00
 1.0124960321048901e+00  2.2775663860385353e-01  2.3044734790082494e-01  1.0176150054211914e+00  1.0050557959280686e+00  0.0000000000000000e+00
 1.0066312876155665e+00  2.6249288775994933e-01  2.2805313233929042e-01  1.0094028726699915e+00  1.0027533269515101e+00  0.0000000000000000e+00
 1.0012773343024264e+00  2.9431194523406362e-01  2.2105391323080742e-01  1.0019143387663778e+00  1.0006361918342987e+00  0.0000000000000000e+00
 9.9654918500846623e-01  3.2249205100270190e-01  2.1060524011782122e-01  9.9532112657192295e-01  9.9876768908648239e-01  0.0000000000000000e+00
 9.9250495724357002e-01  3.4681392162127345e-01  1.9785215403602752e-01  9.8967776578503730e-01  9.9715145860189514e-01  0.0000000000000000e+00
 9.8911772166653700e-01  3.6738630582896392e-01  1.8373900255546760e-01  9.8495115090712115e-01  9.9578758860735461e-01  0.0000000000000000e+00
 9.8633091976058762e-01  3.8449221389413873e-01  1.6898138096617585e-01  9.8106141382627077e-01  9.9465746654723586e-01  0.0000000000000000e+00
 9.8406504762798297e-01  3.9850255706248028e-01  1.5409111781009480e-01  9.7790822936731481e-01  9.9374348446222283e-01  0.0000000000000000e+00
 9.8226026027632918e-01  4.0999499827242575e-01  1.3947375228004838e-01  9.7538984301736498e-01  9.9300550217003480e-01  0.0000000000000000e+00
 9.8084643305157004e-01  4.1926753020393875e-01  1.2529775695934522e-01  9.7341555652938194e-01  9.9242401636811872e-01  0.0000000000000000e+00
 9.7976674818210641e-01  4.2659477966369946e-01  1.1166142091955697e-01  9.7190634557200706e-01  9.9197727150397408e-01  0.0000000000000000e+00
 9.7896820736967416e-01  4.3223586828084870e-01  9.8617360049125288e-02  9.7079586890422487e-01  9.9165209002301835e-01  0.0000000000000000e+00
 9.7842447777079056e-01  4.3661089654368807e-01  8.6225142855183928e-02  9.7003410387021016e-01  9.9142460752852735e-01  0.0000000000000000e+00
 9.7810261406072729e-01  4.3979154562860867e-01  7.4449071038608400e-02  9.6958271616453173e-01  9.9128936189954153e-01  0.0000000000000000e+00
 9.7798223588969380e-01  4.4184299958859469e-01  6.3263423510128342e-02  9.6941288575080709e-01  9.9123772413811706e-01  0.0000000000000000e+00
 9.7804310086856150e-01  4.4292096993329194e-01  5.2664157024410525e-02  9.6950125604042103e-01  9.9126639222693291e-01  0.0000000000000000e+00
 9.7827903700305263e-01  4.4324591439780969e-01  4.2656803297621275e-02  9.6983178139846915e-01  9.9136518796266826e-01  0.0000000000000000e+00
 9.7867779415697587e-01  4.4278504408536024e-01  3.3225105731473512e-02  9.7039171208478270e-01  9.9153339115113925e-01  0.0000000000000000e+00
 9.7922894567942409e-01  4.4150481518363155e-01  2.4371209334435231e-02  9.7116558870463743e-01  9.9176560597972130e-01  0.0000000000000000e+00
 9.7991848446063878e-01  4.3953102188192666e-01  1.6117148511863792e-02  9.7213759314793291e-01  9.9205965451607092e-01  0.0000000000000000e+00
 9.8073693046369814e-01  4.3702243482525621e-01  8.4846087756652432e-03  9.7329066550108734e-01  9.9240747979268007e-01  0.0000000000000000e+00
 9.8166622634297296e-01  4.3398739288806409e-01  1.4878632031632693e-03  9.7460290957024875e-01  9.9280476746252422e-01  0.0000000000000000e+00
 9.8268709107734009e-01  4.3042685484978777e-01 -4.8593749954468045e-03  9.7604694740485054e-01  9.9324287076447748e-01  0.0000000000000000e+00
 9.8377757173357228e-01  4.2651116650437931e-01 -1.0552806743876540e-02  9.7759558632067944e-01  9.9371607404913809e-01  0.0000000000000000e+00
 9.8491527343163743e-01  4.2235488384678005e-01 -1.5603366981607808e-02  9.7921680991570914e-01  9.9421426018090531e-01  0.0000000000000000e+00
 9.8607836163182461e-01  4.1798679644830755e-01 -2.0033554030567707e-02  9.8088238447435094e-01  9.9473066506715058e-01  0.0000000000000000e+00
 9.8724586931391778e-01  4.1339623937454378e-01 -2.3875404264533551e-02  9.8256337970075946e-01  9.9525701777165987e-01  0.0000000000000000e+00
 9.8839992505528795e-01  4.0870767473032904e-01 -2.7179547604598550e-02  9.8423752340709525e-01  9.9578874750728086e-01  0.0000000000000000e+00
 9.8952718271789430e-01  4.0400892234260871e-01 -3.0005360534698385e-02  9.8588588981733483e-01  9.9632016890070896e-01  0.0000000000000000e+00
 9.9061841983590504e-01  3.9929275859452873e-01 -3.2410756296487937e-02  9.8749764096816262e-01  9.9684966602149472e-01  0.0000000000000000e+00
 9.9166593629514277e-01  3.9451547489914435e-01 -3.4449947295192407e-02  9.8906419863601580e-01  9.9737639706689252e-01  0.0000000000000000e+00
 9.9266687096664030e-01  3.8971992651603815e-01 -3.6180675049720702e-02  9.9058467144313223e-01  9.9790241864173412e-01  0.0000000000000000e+00
 9.9362086768800750e-01  3.8489366284224680e-01 -3.7650063161658281e-02  9.9206046587668906e-01  9.9842958027346074e-01  0.0000000000000000e+00
 9.9452992933469542e-01  3.7997615928526884e-01 -3.8892406983579479e-02  9.9349794259619884e-01  9.9896233717251059e-01  0.0000000000000000e+00
 9.9539563208819237e-01  3.7488076091109884e-01 -3.9930046889121919e-02  9.9490353041937596e-01  9.9950562203313686e-01  0.0000000000000000e+00
 9.9622027129085977e-01  3.6957472095105520e-01 -4.0782426772101386e-02  9.9628494853019822e-01  1.0000649226292644e+00  0.0000000000000000e+00
 9.9700683371227994e-01  3.6402364014234495e-01 -4.1461981593210830e-02  9.9764983526501072e-01  1.0006449319412754e+00  0.0000000000000000e+00
 9.9775594026615300e-01  3.5813485965517716e-01 -4.1969093030397552e-02  9.9900584059935305e-01  1.0012527114926191e+00  0.0000000000000000e+00
 9.9846573124770588e-01  3.5180038921318957e-01 -4.2297841487726640e-02  1.0003589539398365e+00  1.0018961318680062e+00  0.0000000000000000e+00
 9.9913474067945718e-01  3.4493198260672181e-01 -4.2441723058088722e-02  1.0017161392731226e+00  1.0025836341071579e+00  0.0000000000000000e+00
 9.9975777230882934e-01  3.3739113778293139e-01 -4.2386324163123948e-02  1.0030833291101102e+00  1.0033263625383988e+00  0.0000000000000000e+00
 1.0003295442490938e+00  3.2898636735642850e-01 -4.2109359283146887e-02  1.0044685414091341e+00  1.0041376336266741e+00  0.0000000000000000e+00
 1.0008395291129148e+00  3.1945032797909245e-01 -4.1577758161469740e-02  1.0058791805445300e+00  1.0050354240465325e+00  0.0000000000000000e+00
 1.0012838766558023e+00  3.0847534265160614e-01 -4.0752291561951419e-02  1.0073294177888095e+00  1.0060377893562003e+00  0.0000000000000000e+00
 1.0016515920619222e+00  2.9568370821917228e-01 -3.9583459623899982e-02  1.0088286283236154e+00  1.0071652022705013e+00  0.0000000000000000e+00
 1.0019624081565464e+00  2.8057239772596809e-01 -3.8004094627192335e-02  1.0104170348459158e+00  1.0084380677563791e+00  0.0000000000000000e+00
 1.0021910777561933e+00  2.6232852712430449e-01 -3.5903251448285933e-02  1.0121014570816331e+00  1.0098887123876898e+00  0.0000000000000000e+00
 1.0024166078680354e+00  2.3903118319815486e-01 -3.3014622134238551e-02  1.0140481840130411e+00  1.0116035349511459e+00  0.0000000000000000e+00
 1.0023094005840978e+00  2.0566091360778782e-01 -2.8633278769533373e-02  1.0161274658304742e+00  1.0137862273249398e+00  0.0000000000000000e+00
 1.0029779694594714e+00  1.5372726139148593e-01 -2.1553994735766410e-02  1.0195618387703815e+00  1.0165346296886737e+00  0.0000000000000000e+00
 1.0023252831462424e+00  7.8564409890406667e-02 -1.1125294484178205e-02  1.0214881288862103e+00  1.0191183900697556e+00  0.0000000000000000e+00
