#               DENSITY,             MOMENTUM-X,             MOMENTUM-Y,                 ENERGY
 1.0070361541862809e+00  6.9450334784004926e-03  4.2290872904151532e-05  2.5681127098754897e+00
 1.0022069602871795e+00  8.0247573458711849e-02  1.1367004874081528e-02  2.5568410340106937e+00
 1.0028671624366363e+00  1.5668187550939100e-01  2.1968052142387669e-02  2.5612506138989621e+00
 1.0022151143641143e+00  2.0935919241672521e-01  2.9148069181850204e-02  2.5624652317983285e+00
 1.0023602317967082e+00  2.4344388095954586e-01  3.3624019491066290e-02  2.5651237550766597e+00
 1.0021687141476749e+00  2.6724033312680018e-01  3.6575422686461370e-02  2.5664417801695025e+00
 1.0019710446683072e+00  2.8582281282971400e-01  3.8715195723946348e-02  2.5674598061747567e+00
 1.0016869004435434e+00  3.0115836070612012e-01  4.0316285063606593e-02  2.5680664199290528e+00
 1.0013404292084516e+00  3.1404868524605639e-01  4.1488517871314051e-02  2.5683497012543781e+00
 1.0009088691205927e+00  3.2500544880105570e-01  4.2300758323363892e-02  2.5682835677680531e+00
 1.0004077704125869e+00  3.3444987097271106e-01  4.2808647835018684e-02  2.5679243980654265e+00
 9.9984317872961614e-01  3.4273731929972728e-01  4.3057943818113502e-02  2.5673157222214962e+00
 9.9922639518608591e-01  3.5010839818306316e-01  4.3078631220916069e-02  2.5664949259747258e+00
 9.9856160916282555e-01  3.5677118388567058e-01  4.2895478659277245e-02  2.5654969757726378e+00
 9.9785556815517540e-01  3.6285191528155664e-01  4.2521856415518387e-02  2.5643394528507715e+00
 9.9710933338682795e-01  3.6848968009874633e-01  4.1970643629761557e-02  2.5630458238031251e+00
 9.9632655285478278e-01  3.7375467851670324e-01  4.1243674735121055e-02  2.5616204238221449e+00
 9.9550402501861845e-01  3.7875889166408566e-01  4.0343123799573020e-02  2.5600812354872908e+00
 9.9464230221854710e-01  3.8354072092592956e-01  3.9257251756574005e-02  2.5584211956373935e+00
 9.9373682406830133e-01  3.8819531358861953e-01  3.7973022518158525e-02  2.5566539949718536e+00
 9.9278805592666897e-01  3.9271683692238429e-01  3.6458900066684390e-02  2.5547602102616254e+00
 9.9179146851170985e-01  3.9719873654398741e-01  3.4684257452265478e-02  2.5527590177047577e+00
 9.9075061797090624e-01  4.0158999235045345e-01  3.2597218521449631e-02  2.5506266689084742e+00
 9.8966554191301137e-01  4.0597880360418548e-01  3.0151652251324629e-02  2.5484000009362275e+00
 9.8854603717242751e-01  4.1027364327228483e-01  2.7283684603035502e-02  2.5460634723264199e+00
 9.8739824035632606e-01  4.1457385143752995e-01  2.3943426476366970e-02  2.5436854962387114e+00
 9.8623925600399476e-01  4.1872579857127801e-01  2.0068969820692326e-02  2.5412530664892632e+00
 9.8508312519702912e-01  4.2280006979791551e-01  1.5619802057280887e-02  2.5388523943390586e+00
 9.8395383329586450e-01  4.2656770948023220e-01  1.0554204359571022e-02  2.5364612268419675e+00
 9.8286943951401162e-01  4.3013054100945114e-01  4.8560365615464276e-03  2.5341963807757888e+00
 9.8185636239626572e-01  4.3319743113908571e-01 -1.4851597211598766e-03  2.5320184500060949e+00
 9.8093157279465681e-01  4.3587465465192915e-01 -8.4623558144866027e-03  2.5300461122655995e+00
 9.8011848576196181e-01  4.3792787868804089e-01 -1.6058356359298413e-02  2.5282515999645927e+00
 9.7943270675438954e-01  4.3961099998333975e-01 -2.4266637660334666e-02  2.5268082220111721e+00
 9.7889046756371600e-01  4.4064023091486348e-01 -3.3064166978033119e-02  2.5256467718910542e+00
 9.7849918242268108e-01  4.4109937313579362e-01 -4.2450271370159949e-02  2.5248518298732860e+00
 9.7827177164881929e-01  4.4066095822890550e-01 -5.2395429721560804e-02  2.5243301563167448e+00
 9.7821649955211143e-01  4.3956672383247863e-01 -6.2937469731325385e-02  2.5242364537223665e+00
 9.7834459018513797e-01  4.3741973168247061e-01 -7.4047581466640033e-02  2.5244587283646474e+00
 9.7867237361022086e-01  4.3433870875852132e-01 -8.5776521161924010e-02  2.5251324346835595e+00
 9.7921675638428995e-01  4.3000555173240756e-01 -9.8108485629583339e-02  2.5262217246633991e+00
 9.8001304004896628e-01  4.2454151079447927e-01 -1.1112389186597679e-01  2.5279143772272574e+00
 9.8109252273537439e-01  4.1747203037660147e-01 -1.2476118241905032e-01  2.5301802825436535e+00
 9.8250348517672448e-01  4.0868384232094973e-01 -1.3902786794484379e-01  2.5331887080601918e+00
 9.8430114374170907e-01  3.9769075540400356e-01 -1.5377722903387112e-01  2.5369956148176920e+00
 9.8655529478286019e-01  3.8427886024210461e-01 -1.6888751291299386e-01  2.5418113784226528e+00
 9.8933529600711545e-01  3.6790881516273227e-01 -1.8400039092380008e-01  2.5477517576502060e+00
 9.9271280322226829e-01  3.4823766099393266e-01 -1.9866463933636452e-01  2.5549987076631298e+00
 9.9674718768715953e-01  3.2493926011278246e-01 -2.1220351286279263e-01  2.5636990911254527e+00
 1.0014637187302902e+00  2.9775893768042133e-01 -2.2364269229584022e-01  2.5738579839069051e+00
 1.0068130878900265e+00  2.6685138648538353e-01 -2.3183984447326503e-01  2.5854002896322030e+00
 1.0126683580368590e+00  2.3280625675560002e-01 -2.3555683605393385e-01  2.5980291470211734e+00
 1.0188050693125514e+00  1.9679495767879543e-01 -2.3372447127338355e-01  2.6112742585108486e+00
 1.0249293147800351e+00  1.6044521575568330e-01 -2.2566529114423364e-01  2.6244534976718246e+00
 1.0307087204596812e+00  1.2573012688741264e-01 -2.1152875882714750e-01  2.6368830463735482e+00
 1.0358502297763703e+00  9.4402292635434371e-02 -1.9215112912766941e-01  2.6479145758925986e+00
 1.0401747350057866e+00  6.7744991766422180e-02 -1.6904176062863621e-01  2.6571720460123349e+00
 1.0436163614486851e+00  4.6299052222332687e-02 -1.4389434421484656e-01  2.6645138047767851e+00
 1.0462203116997564e+00  2.9973817517207593e-02 -1.1837987304313879e-01  2.6700594705137100e+00
 1.0480934379484335e+00  1.8188518282281914e-02 -9.3773068121370387e-02  2.6740453687514871e+00
 1.0493731192535374e+00  1.0136428927309102e-02 -7.0909954306556625e-02  2.6767712406491277e+00
 1.0501925181257648e+00  4.9757597538202091e-03 -5.0210388227300749e-02  2.6785242738295105e+00
 1.0506719582667472e+00  1.9516494210144043e-03 -3.1774693424537592e-02  2.6795538344596093e+00
 1.0508691600387565e+00  4.4641092251378076e-04 -1.5458875008886618e-02  2.6799695134522001e+00
 1.0508831304803652e+00 -1.0072113039661796e-05 -6.1283190180206953e-04  2.6799875810880081e+00
 1.0508548040939205e+00  4.0987968950931649e-04  1.4217692099912213e-02  2.6799610399009666e+00
 1.0506429133937396e+00  1.8730061762860812e-03  3.0499831942908267e-02  2.6795361728851765e+00
 1.0501486892352627e+00  4.8445714272417773e-03  4.8889182662325739e-02  2.6784926131283462e+00
 1.0493162627720456e+00  9.9413699378117764e-03  6.9546299729190658e-02  2.6767223264450406e+00
 1.0480276462978853e+00  1.7912525929398779e-02  9.2350531256741614e-02  2.6739734755591309e+00
 1.0461466896304115e+00  2.9595966859469972e-02  1.1688799254563630e-01  2.6699554496956637e+00
 1.0435340905193440e+00  4.5788150795833329e-02  1.4230715207365155e-01  2.6643658714987177e+00
 1.0400806112254548e+00  6.7074944686178431e-02  1.6736983189324162e-01  2.6569679300440745e+00
 1.0357430674296706e+00  9.3527959986291348e-02  1.9037137619744607e-01  2.6476348934227483e+00
 1.0305851630817777e+00  1.2459654092853460e-01  2.0962165007271336e-01  2.6364984413395676e+00
 1.0247911582320857e+00  1.5898665114631136e-01  2.2361414158813053e-01  2.6239340005088860e+00
 1.0186478936718444e+00  1.9497456652567349e-01  2.3156230529720329e-01  2.6105963421042122e+00
 1.0124960321048901e+00  2.3060269287194915e-01  2.3332702535868044e-01  2.5971829577374832e+00
 1.0066312876155665e+00  2.6423355359572620e-01  2.2956541825146312e-01  2.5843634522926995e+00
 1.0012773343024264e+00  2.9468787997732493e-01  2.2133627297686270e-01  2.5726145531531883e+00
 9.9654918500846623e-01  3.2137919059845133e-01  2.0987848039792709e-01  2.5622246874725341e+00
 9.9250495724357002e-01  3.4421453645019684e-01  1.9636924368207573e-01  2.5533096500197265e+00
 9.8911772166653700e-01  3.6338830579303039e-01  1.8173950358894614e-01  2.5458261384483567e+00
 9.8633091976058762e-01  3.7923655897099046e-01  1.6667156091078247e-01  2.5396424819050996e+00
 9.8406504762798297e-01  3.9215243779556264e-01  1.5163568318684006e-01  2.5345903039892748e+00
 9.8226026027632918e-01  4.0272179371506606e-01  1.3699952421631659e-01  2.5305854869541671e+00
 9.8084643305157004e-01  4.1123706149487471e-01  1.2289785798293629e-01  2.5274474778442815e+00
 9.7976674818210641e-01  4.1796338006256500e-01  1.0940214727174777e-01  2.5250243615506678e+00
 9.7896820736967416e-01  4.2314517313177707e-01  9.6543260182821902e-02  2.5231993536441775e+00
 9.7842447777079056e-01  4.2719078843979463e-01  8.4364790368795142e-02  2.5219805192942260e+00
 9.7810261406072729e-01  4.3016126042114977e-01  7.2818830997255668e-02  2.5212580803673457e+00
 9.7798223588969380e-01  4.3211460464986290e-01  6.1870504374471939e-02  2.5209526908797990e+00
 9.7804310086856150e-01  4.3319579887326776e-01  5.1507815440783304e-02  2.5210451996452194e+00
 9.7827903700305263e-01  4.3361818629262677e-01  4.1730256451625578e-02  2.5215692379080794e+00
 9.7867779415697587e-01  4.3334389023115966e-01  3.2516673187910794e-02  2.5224585619343722e+00
 9.7922894567942409e-01  4.3233429468465651e-01  2.3864993621491550e-02  2.5236436175753987e+00
 9.7991848446063878e-01  4.3070457283597346e-01  1.5793491743572606e-02  2.5251252664097157e+00
 9.8073693046369814e-01  4.2860404127429336e-01  8.3211691668312864e-03  2.5269167555320053e+00
 9.8166622634297296e-01  4.2603076625685105e-01  1.4605850559638546e-03  2.5289543512699595e+00
 9.8268709107734009e-01  4.2297491391390646e-01 -4.7752450787295828e-03  2.5311588518035548e+00
 9.8377757173357228e-01  4.1959211970093163e-01 -1.0381614593464528e-02  2.5335241056027908e+00
 9.8491527343163743e-01  4.1598377590913882e-01 -1.5367994457144436e-02  2.5360083106960416e+00
 9.8607836163182461e-01  4.1216773542548207e-01 -1.9754654136124841e-02  2.5385441748162987e+00
 9.8724586931391778e-01  4.0812372971242594e-01 -2.3570894238360646e-02  2.5410482390976226e+00
 9.8839992505528795e-01  4.0396663507297825e-01 -2.6864262815421838e-02  2.5435110198174220e+00
 9.8952718271789430e-01  3.9977781071857416e-01 -2.9691119876334784e-02  2.5459170721640709e+00
 9.9061841983590504e-01  3.9554676157083152e-01 -3.2106692188113489e-02  2.5482338822987796e+00
 9.9166593629514277e-01  3.9122755779878288e-01 -3.4162839239805301e-02  2.5504216134749824e+00
 9.9266687096664030e-01  3.8686206000802459e-01 -3.5915357491067043e-02  2.5524953263462558e+00
 9.9362086768800750e-01  3.8243837524092866e-01 -3.7409888427195191e-02  2.5544544605517596e+00
 9.9452992933469542e-01  3.7789766284284737e-01 -3.8679662769035512e-02  2.5562930803486505e+00
 9.9539563208819237e-01  3.7315467196480573e-01 -3.9746194262508673e-02  2.5579966134305723e+00
 9.9622027129085977e-01  3.6817782876810401e-01 -4.0628280262802463e-02  2.5595754404215119e+00
 9.9700683371227994e-01  3.6293405685473773e-01 -4.1337878987683964e-02  2.5610398516053174e+00
 9.9775594026615300e-01  3.5733118363733801e-01 -4.1874911878661956e-02  2.5623797041857088e+00
 9.9846573124770588e-01  3.5126063286897485e-01 -4.2232945231242533e-02  2.5635773797403556e+00
 9.9913474067945718e-01  3.4463352699381805e-01 -4.2404999961632814e-02  2.5646277816844947e+00
 9.9975777230882934e-01  3.3730941230660477e-01 -4.2376057021684704e-02  2.5655090086216230e+00
 1.0003295442490938e+00  3.2909478292182109e-01 -4.2123236180331675e-02  2.5661920933407805e+00
 1.0008395291129148e+00  3.1971851582956112e-01 -4.1612663899896027e-02  2.5666301243707390e+00
 1.0012838766558023e+00  3.0887138694292715e-01 -4.0804612477758261e-02  2.5667945886656551e+00
 1.0016515920619222e+00  2.9617205708450678e-01 -3.9648835351598237e-02  2.5666429159005002e+00
 1.0019624081565464e+00  2.8112299528776730e-01 -3.8078674172470899e-02  2.5662038363049522e+00
 1.0021910777561933e+00  2.6290330932490152e-01 -3.5981918263909285e-02  2.5653830955892474e+00
 1.0024166078680354e+00  2.3960882783617735e-01 -3.3094405529848367e-02  2.5643037504904678e+00
 1.0023094005840978e+00  2.0613586704179973e-01 -2.8699404480248367e-02  2.5619265889722622e+00
 1.0029779694594714e+00  1.5418505648099795e-01 -2.1618181873819128e-02  2.5609887992552642e+00
 1.0023252831462424e+00  7.8747094388619307e-02 -1.1151163943939248e-02  2.5568757117074981e+00
