#               DENSITY,             VELOCITY-X,             VELOCITY-Y,               PRESSURE,            TEMPERATURE,              VISCOSITY
 1.0163601271441636e+00  0.0000000000000000e+00  0.0000000000000000e+00  1.0169954785465254e+00  1.0006251242895048e+00  2.9594616767435191e-08
 1.0159198080004559e+00  0.0000000000000000e+00  0.0000000000000000e+00  1.0150447883991214e+00  9.9913869225263308e-01  2.9560802209704674e-08
 1.0153083635828895e+00  0.0000000000000000e+00  0.0000000000000000e+00  1.0144594795757547e+00  9.9916391508473446e-01  2.9561376203189089e-08
 1.0135682514596487e+00  0.0000000000000000e+00  0.0000000000000000e+00  1.0129814793628487e+00  9.9942108279737973e-01  2.9567228140906557e-08
 1.0122273816427456e+00  0.0000000000000000e+00  0.0000000000000000e+00  1.0118038105321032e+00  9.9958154549232314e-01  2.9570879152214297e-08
 1.0108997094540124e+00  0.0000000000000000e+00  0.0000000000000000e+00  1.0105517372860535e+00  9.9965577973294051e-01  2.9572568109064665e-08
 1.0095938295085114e+00  0.0000000000000000e+00  0.0000000000000000e+00  1.0092815641038295e+00  9.9969070194809562e-01  2.9573362628505877e-08
 1.0082695639071011e+00  0.0000000000000000e+00  0.0000000000000000e+00  1.0079775995475531e+00  9.9971043025595618e-01  2.9573811463597322e-08
 1.0069269930787370e+00  0.0000000000000000e+00  0.0000000000000000e+00  1.0066500199153070e+00  9.9972493222911540e-01  2.9574141392563576e-08
 1.0055616205768554e+00  0.0000000000000000e+00  0.0000000000000000e+00  1.0052970969545627e+00  9.9973693942083752e-01  2.9574414561928053e-08
 1.0041761060312799e+00  0.0000000000000000e+00  0.0000000000000000e+00  1.0039223851413583e+00  9.9974733426896201e-01  2.9574651048413733e-08
 1.0027723863722811e+00  0.0000000000000000e+00  0.0000000000000000e+00  1.0025282062268948e+00  9.9975649494471086e-01  2.9574859456047677e-08
 1.0013528243199237e+00  0.0000000000000000e+00  0.0000000000000000e+00  1.0011172227321012e+00  9.9976471670913569e-01  2.9575046502425957e-08
 9.9991860351058481e-01  0.0000000000000000e+00  0.0000000000000000e+00  9.9969081017533434e-01  9.9977218812166257e-01  2.9575216477536368e-08
 9.9847002506706428e-01  0.0000000000000000e+00  0.0000000000000000e+00  9.9824941677790380e-01  9.9977905366849096e-01  2.9575372668618554e-08
 9.9700428492061877e-01  0.0000000000000000e+00  0.0000000000000000e+00  9.9679029826459786e-01  9.9978537037477455e-01  2.9575516373125942e-08
 9.9551780866849160e-01  0.0000000000000000e+00  0.0000000000000000e+00  9.9530998396734172e-01  9.9979123959477167e-01  2.9575649896963995e-08
 9.9400421621789392e-01  0.0000000000000000e+00  0.0000000000000000e+00  9.9380214633109643e-01  9.9979671123773883e-01  2.9575774375643121e-08
 9.9245618528583823e-01  0.0000000000000000e+00  0.0000000000000000e+00  9.9225954259692473e-01  9.9980186259924753e-01  2.9575891567686221e-08
 9.9086527016444470e-01  0.0000000000000000e+00  0.0000000000000000e+00  9.9067380252136383e-01  9.9980676722774953e-01  2.9576003146348887e-08
 9.8922387055958994e-01  0.0000000000000000e+00  0.0000000000000000e+00  9.8903744193579168e-01  9.9981154051236898e-01  2.9576111736726267e-08
 9.8752430033340022e-01  0.0000000000000000e+00  0.0000000000000000e+00  9.8734279712483530e-01  9.9981620380531044e-01  2.9576217824591867e-08
 9.8576372532384826e-01  0.0000000000000000e+00  0.0000000000000000e+00  9.8558715748667924e-01  9.9982088219252463e-01  2.9576324255603574e-08
 9.8394067867152790e-01  0.0000000000000000e+00  0.0000000000000000e+00  9.8376903364172941e-01  9.9982555347744140e-01  2.9576430524799672e-08
 9.8206130314583817e-01  0.0000000000000000e+00  0.0000000000000000e+00  9.8189468099237209e-01  9.9983033426433554e-01  2.9576539284856117e-08
 9.8013372529317166e-01  0.0000000000000000e+00  0.0000000000000000e+00  9.7997220144915320e-01  9.9983520223837830e-01  2.9576650028108247e-08
 9.7817484956551337e-01  0.0000000000000000e+00  0.0000000000000000e+00  9.7801876765917650e-01  9.9984043557610780e-01  2.9576769082854582e-08
 9.7620350029355418e-01  0.0000000000000000e+00  0.0000000000000000e+00  9.7605339988611006e-01  9.9984624065842953e-01  2.9576901144032800e-08
 9.7424598258850237e-01  0.0000000000000000e+00  0.0000000000000000e+00  9.7410251484464994e-01  9.9985273971212985e-01  2.9577048992085814e-08
 9.7232784652017723e-01  0.0000000000000000e+00  0.0000000000000000e+00  9.7219175483572151e-01  9.9986003518777888e-01  2.9577214957516933e-08
 9.7047952375489011e-01  0.0000000000000000e+00  0.0000000000000000e+00  9.7035173642353900e-01  9.9986832557697203e-01  2.9577403555610269e-08
 9.6872554675461320e-01  0.0000000000000000e+00  0.0000000000000000e+00  9.6860739912638261e-01  9.9987803807938569e-01  2.9577624504394284e-08
 9.6709136633712822e-01  0.0000000000000000e+00  0.0000000000000000e+00  9.6698438459415859e-01  9.9988937783265031e-01  2.9577882470029803e-08
 9.6559697222306906e-01  0.0000000000000000e+00  0.0000000000000000e+00  9.6550256669134715e-01  9.9990223091575747e-01  2.9578174860362554e-08
 9.6425950931955673e-01  0.0000000000000000e+00  0.0000000000000000e+00  9.6417855260250218e-01  9.9991604260443179e-01  2.9578489055642162e-08
 9.6309246663715964e-01  0.0000000000000000e+00  0.0000000000000000e+00  9.6302545499054182e-01  9.9993042033975033e-01  2.9578816125393296e-08
 9.6210846403113293e-01  0.0000000000000000e+00  0.0000000000000000e+00  9.6205569964330928e-01  9.9994515754741164e-01  2.9579151370171627e-08
 9.6131724214413328e-01  0.0000000000000000e+00  0.0000000000000000e+00  9.6127905557039550e-01  9.9996027682427457e-01  2.9579495303833179e-08
 9.6073357535295023e-01  0.0000000000000000e+00  0.0000000000000000e+00  9.6071028617366239e-01  9.9997575896181312e-01  2.9579847489235049e-08
 9.6037720387804770e-01  0.0000000000000000e+00  0.0000000000000000e+00  9.6036909965062200e-01  9.9999156141212764e-01  2.9580206958328369e-08
 9.6027431817999997e-01  0.0000000000000000e+00  0.0000000000000000e+00  9.6028161933960543e-01  1.0000076032019887e+00  2.9580571869013423e-08
 9.6046292582834036e-01  0.0000000000000000e+00  0.0000000000000000e+00  9.6048560824868245e-01  1.0000236161331504e+00  2.9580936120393724e-08
 9.6099603364660025e-01  0.0000000000000000e+00  0.0000000000000000e+00  9.6103357960180735e-01  1.0000390698336858e+00  2.9581287648080354e-08
 9.6194274711576655e-01  0.0000000000000000e+00  0.0000000000000000e+00  9.6199400983911554e-01  1.0000532908257824e+00  2.9581611132823903e-08
 9.6338971393421768e-01  0.0000000000000000e+00  0.0000000000000000e+00  9.6345351987592753e-01  1.0000662306653134e+00  2.9581905473259353e-08
 9.6544169712452055e-01  0.0000000000000000e+00  0.0000000000000000e+00  9.6551924060119676e-01  1.0000803191709116e+00  2.9582225940108172e-08
 9.6822717303779726e-01  0.0000000000000000e+00  0.0000000000000000e+00  9.6832199555599507e-01  1.0000979341634264e+00  2.9582626619765416e-08
 9.7189387787690451e-01  0.0000000000000000e+00  0.0000000000000000e+00  9.7200542994605388e-01  1.0001147780346074e+00  2.9583009755888543e-08
 9.7659329008160456e-01  0.0000000000000000e+00  0.0000000000000000e+00  9.7670976891910621e-01  1.0001192705691149e+00  2.9583111943995972e-08
 9.8244828780974636e-01  0.0000000000000000e+00  0.0000000000000000e+00  9.8254443946306413e-01  1.0000978694293745e+00  2.9582625147297746e-08
 9.8949931089304466e-01  0.0000000000000000e+00  0.0000000000000000e+00  9.8953722257506871e-01  1.0000383140054843e+00  2.9581270455202301e-08
 9.9766837670594510e-01  0.0000000000000000e+00  0.0000000000000000e+00  9.9760020171917496e-01  9.9993166568334557e-01  2.9578844454797215e-08
 1.0067130580171462e+00  0.0000000000000000e+00  0.0000000000000000e+00  1.0064921952638226e+00  9.9978061002431173e-01  2.9575408075616388e-08
 1.0162158932591432e+00  0.0000000000000000e+00  0.0000000000000000e+00  1.0158208603480849e+00  9.9961127068206823e-01  2.9571555458813004e-08
 1.0256598587009229e+00  0.0000000000000000e+00  0.0000000000000000e+00  1.0251118070579532e+00  9.9946565945979038e-01  2.9568242423322644e-08
 1.0345647596855299e+00  0.0000000000000000e+00  0.0000000000000000e+00  1.0338911903436725e+00  9.9934893457799401e-01  2.9565586457885367e-08
 1.0425471608320465e+00  0.0000000000000000e+00  0.0000000000000000e+00  1.0417728972908233e+00  9.9925733475634337e-01  2.9563502083961267e-08
 1.0493879443960270e+00  0.0000000000000000e+00  0.0000000000000000e+00  1.0485326027635564e+00  9.9918491379947894e-01  2.9561854063476219e-08
 1.0550251538020126e+00  0.0000000000000000e+00  0.0000000000000000e+00  1.0541071323665059e+00  9.9912985824821499e-01  2.9560601173476577e-08
 1.0595148159844583e+00  0.0000000000000000e+00  0.0000000000000000e+00  1.0585583736174129e+00  9.9909728268768327e-01  2.9559859841059058e-08
 1.0629853983575868e+00  0.0000000000000000e+00  0.0000000000000000e+00  1.0620265542892224e+00  9.9909797061197114e-01  2.9559875496492979e-08
 1.0655793931334483e+00  0.0000000000000000e+00  0.0000000000000000e+00  1.0646666639950046e+00  9.9914344332827287e-01  2.9560910329999977e-08
 1.0674830188973281e+00  0.0000000000000000e+00  0.0000000000000000e+00  1.0666733222721771e+00  9.9924148992460127e-01  2.9563141521926280e-08
 1.0686826327739714e+00  0.0000000000000000e+00  0.0000000000000000e+00  1.0680024686099998e+00  9.9936354896850366e-01  2.9565919002929876e-08
 1.0697718189073078e+00  0.0000000000000000e+00  0.0000000000000000e+00  1.0692033692492007e+00  9.9946862531984859e-01  2.9568309906725973e-08
 1.0708278131828539e+00  0.0000000000000000e+00  0.0000000000000000e+00  1.0702148841979302e+00  9.9942761200505070e-01  2.9567376705682713e-08
 1.0718091950089683e+00  0.0000000000000000e+00  0.0000000000000000e+00  1.0710082640489473e+00  9.9925272990402547e-01  2.9563397297087819e-08
 1.0726828965996382e+00  0.0000000000000000e+00  0.0000000000000000e+00  1.0716860676204754e+00  9.9907071420424187e-01  2.9559255204902328e-08
 1.0731554899645557e+00  0.0000000000000000e+00  0.0000000000000000e+00  1.0720256345377732e+00  9.9894716521757765e-01  2.9556443417940187e-08
 1.0730928006408817e+00  0.0000000000000000e+00  0.0000000000000000e+00  1.0719074210465405e+00  9.9889536152545888e-01  2.9555264394377644e-08
 1.0722970522894155e+00  0.0000000000000000e+00  0.0000000000000000e+00  1.0711141576525736e+00  9.9889685919184790e-01  2.9555298480859179e-08
 1.0705628012119162e+00  0.0000000000000000e+00  0.0000000000000000e+00  1.0694180742439974e+00  9.9893072413255657e-01  2.9556069231103287e-08
 1.0676845342251713e+00  0.0000000000000000e+00  0.0000000000000000e+00  1.0665959032947350e+00  9.9898038147454660e-01  2.9557199386041316e-08
 1.0635189494606412e+00  0.0000000000000000e+00  0.0000000000000000e+00  1.0624926952313170e+00  9.9903503907490843e-01  2.9558443310610904e-08
 1.0580435518115836e+00  0.0000000000000000e+00  0.0000000000000000e+00  1.0570812773706539e+00  9.9909051528239845e-01  2.9559705831583811e-08
 1.0514001049028388e+00  0.0000000000000000e+00  0.0000000000000000e+00  1.0505085044841345e+00  9.9915198751213130e-01  2.9561104769483000e-08
 1.0438857696963064e+00  0.0000000000000000e+00  0.0000000000000000e+00  1.0430861398462832e+00  9.9923398721082690e-01  2.9562970790600841e-08
 1.0359019553874784e+00  0.0000000000000000e+00  0.0000000000000000e+00  1.0352302447958359e+00  9.9935156933708935e-01  2.9565646411027818e-08
 1.0278686108345017e+00  0.0000000000000000e+00  0.0000000000000000e+00  1.0273586355501481e+00  9.9950385168009037e-01  2.9569111418775568e-08
 1.0201799424614926e+00  0.0000000000000000e+00  0.0000000000000000e+00  1.0198190131832485e+00  9.9964621017996769e-01  2.9572350388677003e-08
 1.0131062855222273e+00  0.0000000000000000e+00  0.0000000000000000e+00  1.0128576036448687e+00  9.9975453525369251e-01  2.9574814872671545e-08
 1.0067851031079513e+00  0.0000000000000000e+00  0.0000000000000000e+00  1.0066120949585105e+00  9.9982815781748591e-01  2.9576489772017036e-08
 1.0012472901744229e+00  0.0000000000000000e+00  0.0000000000000000e+00  1.0011235944537686e+00  9.9987645837160510e-01  2.9577588567844928e-08
 9.9646487325532251e-01  0.0000000000000000e+00  0.0000000000000000e+00  9.9637403716713657e-01  9.9990884165551264e-01  2.9578325245077604e-08
 9.9238061546582113e-01  0.0000000000000000e+00  0.0000000000000000e+00  9.9231200155594246e-01  9.9993085928039194e-01  2.9578826110532519e-08
 9.8892489396351246e-01  0.0000000000000000e+00  0.0000000000000000e+00  9.8887007505251245e-01  9.9994456716446878e-01  2.9579137940075371e-08
 9.8602880148297967e-01  0.0000000000000000e+00  0.0000000000000000e+00  9.8598111174617531e-01  9.9995163453974933e-01  2.9579298709253773e-08
 9.8362787750537672e-01  0.0000000000000000e+00  0.0000000000000000e+00  9.8358233702052711e-01  9.9995370151061103e-01  2.9579345728756109e-08
 9.8166580546188908e-01  0.0000000000000000e+00  0.0000000000000000e+00  9.8161877500597949e-01  9.9995209117436124e-01  2.9579309096792863e-08
 9.8009559546640390e-01  0.0000000000000000e+00  0.0000000000000000e+00  9.8004444899453813e-01  9.9994781481306294e-01  2.9579211817895766e-08
 9.7888052442313134e-01  0.0000000000000000e+00  0.0000000000000000e+00  9.7882335398214249e-01  9.9994159609925615e-01  2.9579070353897878e-08
 9.7799222859186130e-01  0.0000000000000000e+00  0.0000000000000000e+00  9.7792763899674862e-01  9.9993395694441722e-01  2.9578896576962315e-08
 9.7740687117643976e-01  0.0000000000000000e+00  0.0000000000000000e+00  9.7733389849900087e-01  9.9992534053157323e-01  2.9578700568401873e-08
 9.7710564252823562e-01  0.0000000000000000e+00  0.0000000000000000e+00  9.7702365995985319e-01  9.9991609651524471e-01  2.9578490282028453e-08
 9.7707409111106436e-01  0.0000000000000000e+00  0.0000000000000000e+00  9.7698274898989002e-01  9.9990651464202662e-01  2.9578272308960299e-08
 9.7729454856109832e-01  0.0000000000000000e+00  0.0000000000000000e+00  9.7719398124625301e-01  9.9989709620810507e-01  2.9578058052897264e-08
 9.7774977273132146e-01  0.0000000000000000e+00  0.0000000000000000e+00  9.7764058873101545e-01  9.9988833134678123e-01  2.9577858663804950e-08
 9.7841946397629198e-01  0.0000000000000000e+00  0.0000000000000000e+00  9.7830248441922030e-01  9.9988044028008594e-01  2.9577679151666036e-08
 9.7928052933042775e-01  0.0000000000000000e+00  0.0000000000000000e+00  9.7915648146837508e-01  9.9987332755187397e-01  2.9577517345187069e-08
 9.8030507496804209e-01  0.0000000000000000e+00  0.0000000000000000e+00  9.8017449816879154e-01  9.9986679983345539e-01  2.9577368846522718e-08
 9.8146512937659280e-01  0.0000000000000000e+00  0.0000000000000000e+00  9.8132828641968817e-01  9.9986057277756635e-01  2.9577227187172017e-08
 9.8272728877912541e-01  0.0000000000000000e+00  0.0000000000000000e+00  9.8258442231339127e-01  9.9985462247017531e-01  2.9577091823174193e-08
 9.8406221495329083e-01  0.0000000000000000e+00  0.0000000000000000e+00  9.8391354663001340e-01  9.9984892385764024e-01  2.9576962184634381e-08
 9.8543964399350314e-01  0.0000000000000000e+00  0.0000000000000000e+00  9.8528558935871502e-01  9.9984366913212097e-01  2.9576842643824191e-08
 9.8683623244044527e-01  0.0000000000000000e+00  0.0000000000000000e+00  9.8667718358209877e-01  9.9983882953106318e-01  2.9576732546493566e-08
 9.8823087842900714e-01  0.0000000000000000e+00  0.0000000000000000e+00  9.8806721373794459e-01  9.9983438617975329e-01  2.9576631463322131e-08
 9.8961131636338184e-01  0.0000000000000000e+00  0.0000000000000000e+00  9.8944321151746861e-01  9.9983013043289493e-01  2.9576534647817334e-08
 9.9096773906996860e-01  0.0000000000000000e+00  0.0000000000000000e+00  9.9079521713897145e-01  9.9982590560298268e-01  2.9576438535454796e-08
 9.9229766143216680e-01  0.0000000000000000e+00  0.0000000000000000e+00  9.9212071890626785e-01  9.9982168402408278e-01  2.9576342496853433e-08
 9.9360043044539981e-01  0.0000000000000000e+00  0.0000000000000000e+00  9.9341894071871972e-01  9.9981734133649824e-01  2.9576243702890083e-08
 9.9488023515611035e-01  0.0000000000000000e+00  0.0000000000000000e+00  9.9469403170644444e-01  9.9981283832657863e-01  2.9576141261453519e-08
 9.9614179488609422e-01  0.0000000000000000e+00  0.0000000000000000e+00  9.9595061119238371e-01  9.9980807582345022e-01  2.9576032916419633e-08
 9.9739105414371398e-01  0.0000000000000000e+00  0.0000000000000000e+00  9.9719455856853523e-01  9.9980299043753984e-01  2.9575917225654814e-08
 9.9863332005025196e-01  0.0000000000000000e+00  0.0000000000000000e+00  9.9843111317616606e-01  9.9979751639563208e-01  2.9575792692780869e-08
 9.9987344120576660e-01  0.0000000000000000e+00  0.0000000000000000e+00  9.9966506296729907e-01  9.9979159538609608e-01  2.9575657991148780e-08
 1.0011141021669392e+00  0.0000000000000000e+00  0.0000000000000000e+00  1.0008990023259434e+00  9.9978513953551340e-01  2.9575511121561006e-08
 1.0023576073511615e+00  0.0000000000000000e+00  0.0000000000000000e+00  1.0021351185401943e+00  9.9977803449653579e-01  2.9575349482505629e-08
 1.0036036667826360e+00  0.0000000000000000e+00  0.0000000000000000e+00  1.0033729949062893e+00  9.9977015640338784e-01  2.9575170255877532e-08
 1.0048514943901650e+00  0.0000000000000000e+00  0.0000000000000000e+00  1.0046116554300335e+00  9.9976131899940412e-01  2.9574969204108873e-08
 1.0060990361639413e+00  0.0000000000000000e+00  0.0000000000000000e+00  1.0058487258735715e+00  9.9975120710648535e-01  2.9574739156536514e-08
 1.0073454518145719e+00  0.0000000000000000e+00  0.0000000000000000e+00  1.0070829476653202e+00  9.9973941000202216e-01  2.9574470768635629e-08
 1.0085878975651981e+00  0.0000000000000000e+00  0.0000000000000000e+00  1.0083105703489439e+00  9.9972503416219516e-01  2.9574143711596707e-08
 1.0098331868050934e+00  0.0000000000000000e+00  0.0000000000000000e+00  1.0095359029358397e+00  9.9970561091362620e-01  2.9573701820027225e-08
 1.0110795926618952e+00  0.0000000000000000e+00  0.0000000000000000e+00  1.0107470911560659e+00  9.9967114210568353e-01  2.9572917621885223e-08
 1.0123760234532209e+00  0.0000000000000000e+00  0.0000000000000000e+00  1.0119672754072446e+00  9.9959624878848707e-01  2.9571213682377609e-08
 1.0137015722561766e+00  0.0000000000000000e+00  0.0000000000000000e+00  1.0131274713634681e+00  9.9943365887118973e-01  2.9567514294898628e-08
 1.0154785927672167e+00  0.0000000000000000e+00  0.0000000000000000e+00  1.0146397370344435e+00  9.9917393065816673e-01  2.9561604124643029e-08
 1.0160339385742636e+00  0.0000000000000000e+00  0.0000000000000000e+00  1.0151662138879636e+00  9.9914596879754092e-01  2.9560967802037874e-08
